+---------------------------------------------------------------------+
|  Log file: mau.resources.log                                        |
|  Compiler version: 9.13.4                                           |
|  Created on: Thu Apr 17 14:05:29 2025                               |
|  Run ID: 53f2aae0c0b84382                                           |
+---------------------------------------------------------------------+


---------------------------------------------------------------------------------------------------------------------------------------------------------------------------------------------------------------------------------------------------------------------------------------------------------------------------------------------------------------
| Stage Number | Exact Match Input xbar | Ternary Match Input xbar | Hash Bit | Hash Dist Unit | Gateway | SRAM | Map RAM | TCAM | VLIW Instr | Meter ALU | Stats ALU | Stash | Exact Match Search Bus | Exact Match Result Bus | Tind Result Bus | Action Data Bus Bytes | 8-bit Action Slots | 16-bit Action Slots | 32-bit Action Slots | Logical TableID |
---------------------------------------------------------------------------------------------------------------------------------------------------------------------------------------------------------------------------------------------------------------------------------------------------------------------------------------------------------------
|      0       |           4            |            0             |    0     |       0        |    2    |  0   |    0    |  0   |     3      |     0     |     0     |   0   |           2            |           1            |        4        |           0           |         0          |          0          |          0          |        4        |
|      1       |           18           |            0             |    13    |       1        |    3    |  0   |    0    |  0   |     3      |     0     |     0     |   0   |           3            |           1            |        2        |           2           |         0          |          0          |          0          |        3        |
|      2       |           21           |            0             |   109    |       1        |    10   |  12  |    12   |  0   |     6      |     4     |     0     |   0   |           6            |           9            |        3        |           23          |         0          |          0          |          0          |        10       |
|      3       |           32           |            0             |    0     |       0        |    4    |  0   |    0    |  0   |     1      |     0     |     0     |   0   |           4            |           0            |        1        |           0           |         0          |          0          |          0          |        4        |
|      4       |           7            |            0             |    45    |       1        |    2    |  3   |    3    |  0   |     2      |     1     |     0     |   0   |           1            |           2            |        1        |           4           |         0          |          0          |          0          |        2        |
|      5       |           28           |            0             |    13    |       1        |    16   |  12  |    12   |  0   |     7      |     4     |     0     |   0   |           10           |           12           |        5        |           16          |         0          |          0          |          0          |        16       |
|      6       |           26           |            0             |    84    |       4        |    3    |  5   |    5    |  0   |     2      |     2     |     0     |   0   |           3            |           2            |        2        |           10          |         0          |          0          |          0          |        3        |
|      7       |           25           |            0             |    26    |       2        |    8    |  11  |    11   |  0   |     4      |     4     |     0     |   0   |           5            |           6            |        1        |           12          |         0          |          0          |          0          |        8        |
|      8       |           24           |            0             |    0     |       0        |    3    |  0   |    0    |  0   |     1      |     0     |     0     |   0   |           3            |           0            |        1        |           0           |         0          |          0          |          0          |        3        |
|      9       |           9            |            0             |    58    |       2        |    2    |  3   |    3    |  0   |     2      |     1     |     0     |   0   |           1            |           2            |        1        |           4           |         0          |          0          |          0          |        2        |
|      10      |           38           |            0             |    39    |       3        |    16   |  9   |    9    |  0   |     7      |     3     |     0     |   0   |           11           |           10           |        7        |           14          |         0          |          0          |          0          |        16       |
|      11      |           18           |            0             |    39    |       3        |    6    |  5   |    5    |  0   |     3      |     2     |     0     |   0   |           5            |           3            |        3        |           4           |         0          |          0          |          0          |        7        |
|      12      |           19           |            0             |    21    |       1        |    3    |  4   |    4    |  0   |     3      |     2     |     0     |   0   |           3            |           1            |        6        |           6           |         0          |          0          |          0          |        6        |
|      13      |           54           |            0             |    65    |       5        |    8    |  8   |    8    |  0   |     2      |     4     |     0     |   0   |           6            |           6            |        6        |           4           |         0          |          0          |          0          |        9        |
|      14      |           20           |            0             |    39    |       3        |    3    |  2   |    2    |  0   |     2      |     1     |     0     |   0   |           2            |           3            |        0        |           1           |         0          |          0          |          0          |        3        |
|      15      |           1            |            0             |    0     |       0        |    1    |  2   |    2    |  0   |     2      |     1     |     0     |   0   |           1            |           0            |        3        |           0           |         0          |          0          |          0          |        3        |
|      16      |           4            |            0             |    8     |       0        |    3    |  4   |    4    |  0   |     3      |     2     |     0     |   0   |           3            |           1            |        6        |           4           |         0          |          0          |          0          |        6        |
|      17      |           2            |            0             |    0     |       0        |    1    |  0   |    0    |  0   |     1      |     0     |     0     |   0   |           1            |           1            |        1        |           0           |         0          |          0          |          0          |        1        |
|      18      |           0            |            0             |    0     |       0        |    0    |  0   |    0    |  0   |     0      |     0     |     0     |   0   |           0            |           0            |        0        |           0           |         0          |          0          |          0          |        0        |
|      19      |           0            |            0             |    0     |       0        |    0    |  0   |    0    |  0   |     0      |     0     |     0     |   0   |           0            |           0            |        0        |           0           |         0          |          0          |          0          |        0        |
|              |                        |                          |          |                |         |      |         |      |            |           |           |       |                        |                        |                 |                       |                    |                     |                     |                 |
|    Totals    |          350           |            0             |   559    |       27       |    94   |  80  |    80   |  0   |     54     |     31    |     0     |   0   |           70           |           60           |        53       |          104          |         0          |          0          |          0          |       106       |
---------------------------------------------------------------------------------------------------------------------------------------------------------------------------------------------------------------------------------------------------------------------------------------------------------------------------------------------------------------


------------------------------------------------------------------------------------------------------------------------------------------------------------------------------------------------------------------------------------------------------------------------------------------------------------------------------------------------------------------
| Stage Number | Exact Match Input xbar | Ternary Match Input xbar | Hash Bit | Hash Dist Unit | Gateway |  SRAM  | Map RAM |  TCAM | VLIW Instr | Meter ALU | Stats ALU | Stash | Exact Match Search Bus | Exact Match Result Bus | Tind Result Bus | Action Data Bus Bytes | 8-bit Action Slots | 16-bit Action Slots | 32-bit Action Slots | Logical TableID |
------------------------------------------------------------------------------------------------------------------------------------------------------------------------------------------------------------------------------------------------------------------------------------------------------------------------------------------------------------------
|      0       |         3.12%          |          0.00%           |  0.00%   |     0.00%      |  12.50% | 0.00%  |  0.00%  | 0.00% |   9.38%    |   0.00%   |   0.00%   | 0.00% |         12.50%         |         6.25%          |      25.00%     |         0.00%         |       0.00%        |        0.00%        |        0.00%        |      25.00%     |
|      1       |         14.06%         |          0.00%           |  3.12%   |     16.67%     |  18.75% | 0.00%  |  0.00%  | 0.00% |   9.38%    |   0.00%   |   0.00%   | 0.00% |         18.75%         |         6.25%          |      12.50%     |         1.56%         |       0.00%        |        0.00%        |        0.00%        |      18.75%     |
|      2       |         16.41%         |          0.00%           |  26.20%  |     16.67%     |  62.50% | 15.00% |  25.00% | 0.00% |   18.75%   |  100.00%  |   0.00%   | 0.00% |         37.50%         |         56.25%         |      18.75%     |         17.97%        |       0.00%        |        0.00%        |        0.00%        |      62.50%     |
|      3       |         25.00%         |          0.00%           |  0.00%   |     0.00%      |  25.00% | 0.00%  |  0.00%  | 0.00% |   3.12%    |   0.00%   |   0.00%   | 0.00% |         25.00%         |         0.00%          |      6.25%      |         0.00%         |       0.00%        |        0.00%        |        0.00%        |      25.00%     |
|      4       |         5.47%          |          0.00%           |  10.82%  |     16.67%     |  12.50% | 3.75%  |  6.25%  | 0.00% |   6.25%    |   25.00%  |   0.00%   | 0.00% |         6.25%          |         12.50%         |      6.25%      |         3.12%         |       0.00%        |        0.00%        |        0.00%        |      12.50%     |
|      5       |         21.88%         |          0.00%           |  3.12%   |     16.67%     | 100.00% | 15.00% |  25.00% | 0.00% |   21.88%   |  100.00%  |   0.00%   | 0.00% |         62.50%         |         75.00%         |      31.25%     |         12.50%        |       0.00%        |        0.00%        |        0.00%        |     100.00%     |
|      6       |         20.31%         |          0.00%           |  20.19%  |     66.67%     |  18.75% | 6.25%  |  10.42% | 0.00% |   6.25%    |   50.00%  |   0.00%   | 0.00% |         18.75%         |         12.50%         |      12.50%     |         7.81%         |       0.00%        |        0.00%        |        0.00%        |      18.75%     |
|      7       |         19.53%         |          0.00%           |  6.25%   |     33.33%     |  50.00% | 13.75% |  22.92% | 0.00% |   12.50%   |  100.00%  |   0.00%   | 0.00% |         31.25%         |         37.50%         |      6.25%      |         9.38%         |       0.00%        |        0.00%        |        0.00%        |      50.00%     |
|      8       |         18.75%         |          0.00%           |  0.00%   |     0.00%      |  18.75% | 0.00%  |  0.00%  | 0.00% |   3.12%    |   0.00%   |   0.00%   | 0.00% |         18.75%         |         0.00%          |      6.25%      |         0.00%         |       0.00%        |        0.00%        |        0.00%        |      18.75%     |
|      9       |         7.03%          |          0.00%           |  13.94%  |     33.33%     |  12.50% | 3.75%  |  6.25%  | 0.00% |   6.25%    |   25.00%  |   0.00%   | 0.00% |         6.25%          |         12.50%         |      6.25%      |         3.12%         |       0.00%        |        0.00%        |        0.00%        |      12.50%     |
|      10      |         29.69%         |          0.00%           |  9.38%   |     50.00%     | 100.00% | 11.25% |  18.75% | 0.00% |   21.88%   |   75.00%  |   0.00%   | 0.00% |         68.75%         |         62.50%         |      43.75%     |         10.94%        |       0.00%        |        0.00%        |        0.00%        |     100.00%     |
|      11      |         14.06%         |          0.00%           |  9.38%   |     50.00%     |  37.50% | 6.25%  |  10.42% | 0.00% |   9.38%    |   50.00%  |   0.00%   | 0.00% |         31.25%         |         18.75%         |      18.75%     |         3.12%         |       0.00%        |        0.00%        |        0.00%        |      43.75%     |
|      12      |         14.84%         |          0.00%           |  5.05%   |     16.67%     |  18.75% | 5.00%  |  8.33%  | 0.00% |   9.38%    |   50.00%  |   0.00%   | 0.00% |         18.75%         |         6.25%          |      37.50%     |         4.69%         |       0.00%        |        0.00%        |        0.00%        |      37.50%     |
|      13      |         42.19%         |          0.00%           |  15.62%  |     83.33%     |  50.00% | 10.00% |  16.67% | 0.00% |   6.25%    |  100.00%  |   0.00%   | 0.00% |         37.50%         |         37.50%         |      37.50%     |         3.12%         |       0.00%        |        0.00%        |        0.00%        |      56.25%     |
|      14      |         15.62%         |          0.00%           |  9.38%   |     50.00%     |  18.75% | 2.50%  |  4.17%  | 0.00% |   6.25%    |   25.00%  |   0.00%   | 0.00% |         12.50%         |         18.75%         |      0.00%      |         0.78%         |       0.00%        |        0.00%        |        0.00%        |      18.75%     |
|      15      |         0.78%          |          0.00%           |  0.00%   |     0.00%      |  6.25%  | 2.50%  |  4.17%  | 0.00% |   6.25%    |   25.00%  |   0.00%   | 0.00% |         6.25%          |         0.00%          |      18.75%     |         0.00%         |       0.00%        |        0.00%        |        0.00%        |      18.75%     |
|      16      |         3.12%          |          0.00%           |  1.92%   |     0.00%      |  18.75% | 5.00%  |  8.33%  | 0.00% |   9.38%    |   50.00%  |   0.00%   | 0.00% |         18.75%         |         6.25%          |      37.50%     |         3.12%         |       0.00%        |        0.00%        |        0.00%        |      37.50%     |
|      17      |         1.56%          |          0.00%           |  0.00%   |     0.00%      |  6.25%  | 0.00%  |  0.00%  | 0.00% |   3.12%    |   0.00%   |   0.00%   | 0.00% |         6.25%          |         6.25%          |      6.25%      |         0.00%         |       0.00%        |        0.00%        |        0.00%        |      6.25%      |
|      18      |         0.00%          |          0.00%           |  0.00%   |     0.00%      |  0.00%  | 0.00%  |  0.00%  | 0.00% |   0.00%    |   0.00%   |   0.00%   | 0.00% |         0.00%          |         0.00%          |      0.00%      |         0.00%         |       0.00%        |        0.00%        |        0.00%        |      0.00%      |
|      19      |         0.00%          |          0.00%           |  0.00%   |     0.00%      |  0.00%  | 0.00%  |  0.00%  | 0.00% |   0.00%    |   0.00%   |   0.00%   | 0.00% |         0.00%          |         0.00%          |      0.00%      |         0.00%         |       0.00%        |        0.00%        |        0.00%        |      0.00%      |
|              |                        |                          |          |                |         |        |         |       |            |           |           |       |                        |                        |                 |                       |                    |                     |                     |                 |
|   Average    |         15.19%         |          0.00%           |  7.47%   |     25.00%     |  32.64% | 5.56%  |  9.26%  | 0.00% |   9.38%    |   43.06%  |   0.00%   | 0.00% |         24.31%         |         20.83%         |      18.40%     |         4.51%         |       0.00%        |        0.00%        |        0.00%        |      36.81%     |
------------------------------------------------------------------------------------------------------------------------------------------------------------------------------------------------------------------------------------------------------------------------------------------------------------------------------------------------------------------


Allocated Resource Usage
----------------------------------------------------------------------------------------------------------------------------------------------------------
|                     Table                     | Stage  | Crossbar | Hash | Gateways | RAMs | TCAMs | Map  | Action |  VLIW |  Exm   |  Exm   |  Tind  |
|                      Name                     | Number |  Bytes   | Bits |          |      |       | RAMs |  Data  | Slots | Search | Result | Result |
|                                               |        |          |      |          |      |       |      |  Bus   |       |  Bus   |  Bus   |  Bus   |
|                                               |        |          |      |          |      |       |      | Bytes  |       |        |        |        |
----------------------------------------------------------------------------------------------------------------------------------------------------------
|          IngressParser.$PORT_METADATA         |   -1   |    0     |  0   |    0     |  0   |   0   |  0   |   0    |   0   |   0    |   0    |   0    |
|            Ingress.is_server_reply            |   0    |    0     |  0   |    0     |  0   |   0   |  0   |   0    |   2   |   0    |   1    |   0    |
|                    cond-45                    |   0    |    2     |  0   |    1     |  0   |   0   |  0   |   0    |   0   |   1    |   0    |   0    |
|           is_server_reply_0-gateway           |   0    |    2     |  0   |    1     |  0   |   0   |  0   |   0    |   0   |   1    |   0    |   1    |
|               tbl_switcharoo451               |   0    |    0     |  0   |    0     |  0   |   0   |  0   |   0    |   1   |   0    |   0    |   1    |
|               tbl_switcharoo455               |   0    |    0     |  0   |    0     |  0   |   0   |  0   |   0    |   1   |   0    |   0    |   1    |
|               tbl_switcharoo758               |   0    |    0     |  0   |    0     |  0   |   0   |  0   |   0    |   1   |   0    |   0    |   1    |
|                    cond-46                    |   1    |    1     |  0   |    1     |  0   |   0   |  0   |   0    |   0   |   1    |   0    |   0    |
|                    cond-47                    |   1    |    1     |  0   |    1     |  0   |   0   |  0   |   0    |   0   |   1    |   0    |   0    |
|               tbl_set_out_port_2              |   1    |    0     |  0   |    0     |  0   |   0   |  0   |   0    |   1   |   0    |   0    |   1    |
|               tbl_switcharoo462               |   1    |    16    |  13  |    0     |  0   |   0   |  0   |   2    |   1   |   0    |   1    |   0    |
|           tbl_switcharoo462-gateway           |   1    |    0     |  0   |    1     |  0   |   0   |  0   |   0    |   0   |   1    |   0    |   0    |
|               tbl_switcharoo471               |   1    |    0     |  0   |    0     |  0   |   0   |  0   |   0    |   1   |   0    |   0    |   1    |
|              Ingress.reg_1_k0_31              |   2    |    4     |  0   |    0     |  3   |   0   |  3   |   0    |   0   |   0    |   0    |   0    |
|              Ingress.reg_1_k32_63             |   2    |    4     |  32  |    0     |  3   |   0   |  3   |   0    |   0   |   0    |   0    |   0    |
|              Ingress.reg_1_k64_95             |   2    |    4     |  32  |    0     |  3   |   0   |  3   |   0    |   0   |   0    |   0    |   0    |
|             Ingress.reg_1_k96_127             |   2    |    4     |  32  |    0     |  3   |   0   |  3   |   0    |   0   |   0    |   0    |   0    |
|         Ingress.table_set_client_port         |   2    |    0     |  0   |    0     |  0   |   0   |  0   |   0    |   2   |   0    |   1    |   0    |
|                    cond-48                    |   2    |    1     |  0   |    1     |  0   |   0   |  0   |   0    |   0   |   1    |   0    |   1    |
|                    cond-49                    |   2    |    1     |  0   |    1     |  0   |   0   |  0   |   0    |   0   |   1    |   0    |   0    |
|        table_set_client_port_0-gateway        |   2    |    2     |  0   |    1     |  0   |   0   |  0   |   0    |   0   |   1    |   0    |   1    |
|               tbl_switcharoo479               |   2    |    0     |  0   |    0     |  0   |   0   |  0   |   0    |   1   |   0    |   0    |   1    |
|               tbl_switcharoo488               |   2    |    0     |  0   |    0     |  0   |   0   |  0   |   5    |   1   |   0    |   1    |   0    |
|           tbl_switcharoo488-gateway           |   2    |    0     |  0   |    1     |  0   |   0   |  0   |   0    |   0   |   1    |   0    |   0    |
|               tbl_switcharoo489               |   2    |    0     |  0   |    0     |  0   |   0   |  0   |   6    |   1   |   0    |   1    |   0    |
|           tbl_switcharoo489-gateway           |   2    |    0     |  0   |    1     |  0   |   0   |  0   |   0    |   0   |   1    |   0    |   0    |
|               tbl_switcharoo490               |   2    |    0     |  0   |    0     |  0   |   0   |  0   |   6    |   1   |   0    |   1    |   0    |
|           tbl_switcharoo490-gateway           |   2    |    0     |  0   |    1     |  0   |   0   |  0   |   0    |   0   |   1    |   0    |   0    |
|               tbl_switcharoo491               |   2    |    0     |  0   |    0     |  0   |   0   |  0   |   6    |   1   |   0    |   1    |   0    |
|           tbl_switcharoo491-gateway           |   2    |    0     |  0   |    1     |  0   |   0   |  0   |   0    |   0   |   1    |   0    |   0    |
|               tbl_switcharoo573               |   2    |    0     |  0   |    0     |  0   |   0   |  0   |   5    |   1   |   0    |   1    |   0    |
|           tbl_switcharoo573-gateway           |   2    |    0     |  0   |    1     |  0   |   0   |  0   |   0    |   0   |   1    |   0    |   0    |
|               tbl_switcharoo574               |   2    |    0     |  0   |    0     |  0   |   0   |  0   |   6    |   1   |   0    |   1    |   0    |
|           tbl_switcharoo574-gateway           |   2    |    0     |  0   |    1     |  0   |   0   |  0   |   0    |   0   |   1    |   0    |   0    |
|               tbl_switcharoo575               |   2    |    0     |  0   |    0     |  0   |   0   |  0   |   6    |   1   |   0    |   1    |   0    |
|           tbl_switcharoo575-gateway           |   2    |    0     |  0   |    1     |  0   |   0   |  0   |   0    |   0   |   1    |   0    |   0    |
|               tbl_switcharoo576               |   2    |    2     |  13  |    0     |  0   |   0   |  0   |   6    |   1   |   0    |   1    |   0    |
|                    cond-58                    |   3    |    8     |  0   |    1     |  0   |   0   |  0   |   0    |   0   |   1    |   0    |   0    |
|                    cond-59                    |   3    |    8     |  0   |    1     |  0   |   0   |  0   |   0    |   0   |   1    |   0    |   0    |
|                    cond-60                    |   3    |    8     |  0   |    1     |  0   |   0   |  0   |   0    |   0   |   1    |   0    |   0    |
|                    cond-61                    |   3    |    8     |  0   |    1     |  0   |   0   |  0   |   0    |   0   |   1    |   0    |   0    |
|               tbl_switcharoo583               |   3    |    0     |  0   |    0     |  0   |   0   |  0   |   0    |   1   |   0    |   0    |   1    |
|             Ingress.reg_table_1_ts            |   4    |    4     |  32  |    0     |  3   |   0   |  3   |   0    |   0   |   0    |   0    |   0    |
|                    cond-62                    |   4    |    1     |  0   |    1     |  0   |   0   |  0   |   0    |   0   |   1    |   0    |   1    |
|               tbl_switcharoo493               |   4    |    0     |  0   |    0     |  0   |   0   |  0   |   4    |   1   |   0    |   1    |   0    |
|           tbl_switcharoo493-gateway           |   4    |    0     |  0   |    1     |  0   |   0   |  0   |   0    |   0   |   1    |   0    |   0    |
|               tbl_switcharoo599               |   4    |    2     |  13  |    0     |  0   |   0   |  0   |   4    |   1   |   0    |   1    |   0    |
|              Ingress.reg_1_v0_31              |   5    |    4     |  0   |    0     |  3   |   0   |  3   |   0    |   0   |   0    |   0    |   0    |
|              Ingress.reg_1_v32_63             |   5    |    4     |  0   |    0     |  3   |   0   |  3   |   0    |   0   |   0    |   0    |   0    |
|              Ingress.reg_1_v64_95             |   5    |    4     |  0   |    0     |  3   |   0   |  3   |   0    |   0   |   0    |   0    |   0    |
|             Ingress.reg_1_v96_127             |   5    |    4     |  0   |    0     |  3   |   0   |  3   |   0    |   0   |   0    |   0    |   0    |
|                    cond-50                    |   5    |    4     |  0   |    1     |  0   |   0   |  0   |   0    |   0   |   1    |   0    |   0    |
|                    cond-56                    |   5    |    1     |  0   |    1     |  0   |   0   |  0   |   0    |   0   |   1    |   0    |   0    |
|                    cond-57                    |   5    |    1     |  0   |    1     |  0   |   0   |  0   |   0    |   0   |   1    |   0    |   0    |
|                    cond-63                    |   5    |    4     |  0   |    1     |  0   |   0   |  0   |   0    |   0   |   1    |   0    |   0    |
|                    cond-64                    |   5    |    1     |  0   |    1     |  0   |   0   |  0   |   0    |   0   |   1    |   0    |   1    |
|               tbl_switcharoo495               |   5    |    0     |  0   |    0     |  0   |   0   |  0   |   4    |   1   |   0    |   1    |   0    |
|           tbl_switcharoo495-gateway           |   5    |    0     |  0   |    1     |  0   |   0   |  0   |   0    |   0   |   1    |   0    |   0    |
|               tbl_switcharoo496               |   5    |    0     |  0   |    0     |  0   |   0   |  0   |   4    |   1   |   0    |   1    |   0    |
|           tbl_switcharoo496-gateway           |   5    |    0     |  0   |    1     |  0   |   0   |  0   |   0    |   0   |   1    |   0    |   0    |
|               tbl_switcharoo497               |   5    |    0     |  0   |    0     |  0   |   0   |  0   |   4    |   1   |   0    |   1    |   0    |
|           tbl_switcharoo497-gateway           |   5    |    0     |  0   |    1     |  0   |   0   |  0   |   0    |   0   |   1    |   0    |   0    |
|               tbl_switcharoo498               |   5    |    0     |  0   |    0     |  0   |   0   |  0   |   4    |   1   |   0    |   1    |   0    |
|           tbl_switcharoo498-gateway           |   5    |    0     |  0   |    1     |  0   |   0   |  0   |   0    |   0   |   1    |   0    |   0    |
|               tbl_switcharoo557               |   5    |    0     |  0   |    0     |  0   |   0   |  0   |   0    |   1   |   0    |   0    |   1    |
|               tbl_switcharoo562               |   5    |    0     |  0   |    0     |  0   |   0   |  0   |   0    |   1   |   0    |   0    |   1    |
|               tbl_switcharoo565               |   5    |    0     |  0   |    0     |  0   |   0   |  0   |   0    |   1   |   0    |   0    |   1    |
|               tbl_switcharoo603               |   5    |    2     |  13  |    0     |  0   |   0   |  0   |   4    |   1   |   0    |   1    |   0    |
|               tbl_switcharoo604               |   5    |    0     |  0   |    0     |  0   |   0   |  0   |   4    |   1   |   0    |   1    |   0    |
|           tbl_switcharoo604-gateway           |   5    |    0     |  0   |    1     |  0   |   0   |  0   |   0    |   0   |   1    |   0    |   0    |
|               tbl_switcharoo605               |   5    |    0     |  0   |    0     |  0   |   0   |  0   |   4    |   1   |   0    |   1    |   0    |
|           tbl_switcharoo605-gateway           |   5    |    0     |  0   |    1     |  0   |   0   |  0   |   0    |   0   |   1    |   0    |   0    |
|               tbl_switcharoo606               |   5    |    0     |  0   |    0     |  0   |   0   |  0   |   4    |   1   |   0    |   1    |   0    |
|           tbl_switcharoo606-gateway           |   5    |    0     |  0   |    1     |  0   |   0   |  0   |   0    |   0   |   1    |   0    |   0    |
|               tbl_switcharoo608               |   5    |    0     |  0   |    0     |  0   |   0   |  0   |   4    |   1   |   0    |   1    |   0    |
|           tbl_switcharoo608-gateway           |   5    |    0     |  0   |    1     |  0   |   0   |  0   |   0    |   0   |   1    |   0    |   0    |
|               tbl_switcharoo609               |   5    |    0     |  0   |    0     |  0   |   0   |  0   |   4    |   1   |   0    |   1    |   0    |
|           tbl_switcharoo609-gateway           |   5    |    0     |  0   |    1     |  0   |   0   |  0   |   0    |   0   |   1    |   0    |   0    |
|               tbl_switcharoo610               |   5    |    0     |  0   |    0     |  0   |   0   |  0   |   4    |   1   |   0    |   1    |   0    |
|           tbl_switcharoo610-gateway           |   5    |    0     |  0   |    1     |  0   |   0   |  0   |   0    |   0   |   1    |   0    |   0    |
|               tbl_switcharoo611               |   5    |    0     |  0   |    0     |  0   |   0   |  0   |   4    |   1   |   0    |   1    |   0    |
|           tbl_switcharoo611-gateway           |   5    |    0     |  0   |    1     |  0   |   0   |  0   |   0    |   0   |   1    |   0    |   0    |
|               tbl_switcharoo614               |   5    |    0     |  0   |    0     |  0   |   0   |  0   |   0    |   1   |   0    |   0    |   1    |
|        Ingress.debug_table1_insert_reg        |   6    |    0     |  0   |    0     |  2   |   0   |  2   |   0    |   0   |   0    |   0    |   0    |
|              Ingress.reg_2_k0_31              |   6    |    4     |  32  |    0     |  3   |   0   |  3   |   0    |   0   |   0    |   0    |   0    |
|                    cond-65                    |   6    |    1     |  0   |    1     |  0   |   0   |  0   |   0    |   0   |   1    |   0    |   1    |
|                    cond-75                    |   6    |    1     |  0   |    1     |  0   |   0   |  0   |   0    |   0   |   1    |   0    |   0    |
|          tbl_debug_table1_insert_inc          |   6    |    0     |  0   |    0     |  0   |   0   |  0   |   0    |   1   |   0    |   0    |   1    |
|               tbl_switcharoo507               |   6    |    18    |  26  |    0     |  0   |   0   |  0   |   6    |   1   |   0    |   1    |   0    |
|           tbl_switcharoo507-gateway           |   6    |    0     |  0   |    1     |  0   |   0   |  0   |   0    |   0   |   1    |   0    |   0    |
|               tbl_switcharoo621               |   6    |    18    |  26  |    0     |  0   |   0   |  0   |   8    |   1   |   0    |   1    |   0    |
|         Ingress.debug_table1_evict_reg        |   7    |    0     |  0   |    0     |  2   |   0   |  2   |   0    |   0   |   0    |   0    |   0    |
|              Ingress.reg_2_k32_63             |   7    |    4     |  0   |    0     |  3   |   0   |  3   |   0    |   0   |   0    |   0    |   0    |
|              Ingress.reg_2_k64_95             |   7    |    4     |  0   |    0     |  3   |   0   |  3   |   0    |   0   |   0    |   0    |   0    |
|             Ingress.reg_2_k96_127             |   7    |    4     |  0   |    0     |  3   |   0   |  3   |   0    |   0   |   0    |   0    |   0    |
|                    cond-66                    |   7    |    8     |  0   |    1     |  0   |   0   |  0   |   0    |   0   |   1    |   0    |   0    |
|                    cond-76                    |   7    |    1     |  0   |    1     |  0   |   0   |  0   |   0    |   0   |   1    |   0    |   0    |
|           tbl_debug_table1_evict_inc          |   7    |    0     |  0   |    0     |  0   |   0   |  0   |   0    |   1   |   0    |   0    |   1    |
|               tbl_switcharoo512               |   7    |    0     |  0   |    0     |  0   |   0   |  0   |   4    |   1   |   0    |   1    |   0    |
|           tbl_switcharoo512-gateway           |   7    |    0     |  0   |    1     |  0   |   0   |  0   |   0    |   0   |   1    |   0    |   0    |
|               tbl_switcharoo513               |   7    |    0     |  0   |    0     |  0   |   0   |  0   |   4    |   1   |   0    |   1    |   0    |
|           tbl_switcharoo513-gateway           |   7    |    0     |  0   |    1     |  0   |   0   |  0   |   0    |   0   |   1    |   0    |   0    |
|               tbl_switcharoo514               |   7    |    2     |  13  |    0     |  0   |   0   |  0   |   4    |   1   |   0    |   1    |   0    |
|           tbl_switcharoo514-gateway           |   7    |    0     |  0   |    1     |  0   |   0   |  0   |   0    |   0   |   1    |   0    |   0    |
|               tbl_switcharoo624               |   7    |    0     |  0   |    0     |  0   |   0   |  0   |   4    |   1   |   0    |   1    |   0    |
|           tbl_switcharoo624-gateway           |   7    |    0     |  0   |    1     |  0   |   0   |  0   |   0    |   0   |   1    |   0    |   0    |
|               tbl_switcharoo625               |   7    |    0     |  0   |    0     |  0   |   0   |  0   |   4    |   1   |   0    |   1    |   0    |
|           tbl_switcharoo625-gateway           |   7    |    0     |  0   |    1     |  0   |   0   |  0   |   0    |   0   |   1    |   0    |   0    |
|               tbl_switcharoo626               |   7    |    2     |  13  |    0     |  0   |   0   |  0   |   4    |   1   |   0    |   1    |   0    |
|           tbl_switcharoo626-gateway           |   7    |    0     |  0   |    1     |  0   |   0   |  0   |   0    |   0   |   1    |   0    |   0    |
|                    cond-67                    |   8    |    8     |  0   |    1     |  0   |   0   |  0   |   0    |   0   |   1    |   0    |   0    |
|                    cond-68                    |   8    |    8     |  0   |    1     |  0   |   0   |  0   |   0    |   0   |   1    |   0    |   0    |
|                    cond-69                    |   8    |    8     |  0   |    1     |  0   |   0   |  0   |   0    |   0   |   1    |   0    |   0    |
|               tbl_switcharoo633               |   8    |    0     |  0   |    0     |  0   |   0   |  0   |   0    |   1   |   0    |   0    |   1    |
|             Ingress.reg_table_2_ts            |   9    |    4     |  32  |    0     |  3   |   0   |  3   |   0    |   0   |   0    |   0    |   0    |
|                    cond-70                    |   9    |    1     |  0   |    1     |  0   |   0   |  0   |   0    |   0   |   1    |   0    |   1    |
|               tbl_switcharoo516               |   9    |    2     |  13  |    0     |  0   |   0   |  0   |   4    |   1   |   0    |   1    |   0    |
|           tbl_switcharoo516-gateway           |   9    |    0     |  0   |    1     |  0   |   0   |  0   |   0    |   0   |   1    |   0    |   0    |
|               tbl_switcharoo649               |   9    |    2     |  13  |    0     |  0   |   0   |  0   |   4    |   1   |   0    |   1    |   0    |
|              Ingress.reg_2_v0_31              |   10   |    8     |  0   |    0     |  3   |   0   |  3   |   0    |   0   |   0    |   0    |   0    |
|              Ingress.reg_2_v64_95             |   10   |    8     |  0   |    0     |  3   |   0   |  3   |   0    |   0   |   0    |   0    |   0    |
|             Ingress.reg_2_v96_127             |   10   |    8     |  0   |    0     |  3   |   0   |  3   |   0    |   0   |   0    |   0    |   0    |
|                    cond-51                    |   10   |    4     |  0   |    1     |  0   |   0   |  0   |   0    |   0   |   1    |   0    |   0    |
|                    cond-52                    |   10   |    1     |  0   |    1     |  0   |   0   |  0   |   0    |   0   |   1    |   0    |   0    |
|                    cond-53                    |   10   |    1     |  0   |    1     |  0   |   0   |  0   |   0    |   0   |   1    |   0    |   0    |
|                    cond-54                    |   10   |    1     |  0   |    1     |  0   |   0   |  0   |   0    |   0   |   1    |   0    |   0    |
|                    cond-55                    |   10   |    1     |  0   |    1     |  0   |   0   |  0   |   0    |   0   |   1    |   0    |   0    |
|                    cond-71                    |   10   |    4     |  0   |    1     |  0   |   0   |  0   |   0    |   0   |   1    |   0    |   0    |
|                    cond-72                    |   10   |    1     |  0   |    1     |  0   |   0   |  0   |   0    |   0   |   1    |   0    |   1    |
|               tbl_switcharoo518               |   10   |    2     |  13  |    0     |  0   |   0   |  0   |   4    |   1   |   0    |   1    |   0    |
|           tbl_switcharoo518-gateway           |   10   |    0     |  0   |    1     |  0   |   0   |  0   |   0    |   0   |   1    |   0    |   0    |
|               tbl_switcharoo520               |   10   |    0     |  0   |    0     |  0   |   0   |  0   |   4    |   1   |   0    |   1    |   0    |
|           tbl_switcharoo520-gateway           |   10   |    0     |  0   |    1     |  0   |   0   |  0   |   0    |   0   |   1    |   0    |   0    |
|               tbl_switcharoo521               |   10   |    0     |  0   |    0     |  0   |   0   |  0   |   4    |   1   |   0    |   1    |   0    |
|           tbl_switcharoo521-gateway           |   10   |    0     |  0   |    1     |  0   |   0   |  0   |   0    |   0   |   1    |   0    |   0    |
|               tbl_switcharoo536               |   10   |    0     |  0   |    0     |  0   |   0   |  0   |   0    |   1   |   0    |   0    |   1    |
|               tbl_switcharoo541               |   10   |    0     |  0   |    0     |  0   |   0   |  0   |   0    |   1   |   0    |   0    |   1    |
|               tbl_switcharoo545               |   10   |    0     |  0   |    0     |  0   |   0   |  0   |   0    |   1   |   0    |   0    |   1    |
|               tbl_switcharoo550               |   10   |    0     |  0   |    0     |  0   |   0   |  0   |   0    |   1   |   0    |   0    |   1    |
|               tbl_switcharoo553               |   10   |    0     |  0   |    0     |  0   |   0   |  0   |   0    |   1   |   0    |   0    |   1    |
|               tbl_switcharoo653               |   10   |    2     |  13  |    0     |  0   |   0   |  0   |   4    |   1   |   0    |   1    |   0    |
|               tbl_switcharoo655               |   10   |    0     |  0   |    0     |  0   |   0   |  0   |   4    |   1   |   0    |   1    |   0    |
|           tbl_switcharoo655-gateway           |   10   |    0     |  0   |    1     |  0   |   0   |  0   |   0    |   0   |   1    |   0    |   0    |
|               tbl_switcharoo656               |   10   |    0     |  0   |    0     |  0   |   0   |  0   |   4    |   1   |   0    |   1    |   0    |
|           tbl_switcharoo656-gateway           |   10   |    0     |  0   |    1     |  0   |   0   |  0   |   0    |   0   |   1    |   0    |   0    |
|               tbl_switcharoo658               |   10   |    0     |  0   |    0     |  0   |   0   |  0   |   4    |   1   |   0    |   1    |   0    |
|           tbl_switcharoo658-gateway           |   10   |    0     |  0   |    1     |  0   |   0   |  0   |   0    |   0   |   1    |   0    |   0    |
|               tbl_switcharoo659               |   10   |    2     |  13  |    0     |  0   |   0   |  0   |   2    |   1   |   0    |   1    |   0    |
|           tbl_switcharoo659-gateway           |   10   |    0     |  0   |    1     |  0   |   0   |  0   |   0    |   0   |   1    |   0    |   0    |
|               tbl_switcharoo660               |   10   |    0     |  0   |    0     |  0   |   0   |  0   |   4    |   1   |   0    |   1    |   0    |
|           tbl_switcharoo660-gateway           |   10   |    0     |  0   |    1     |  0   |   0   |  0   |   0    |   0   |   1    |   0    |   0    |
|               tbl_switcharoo661               |   10   |    0     |  0   |    0     |  0   |   0   |  0   |   4    |   1   |   0    |   1    |   0    |
|           tbl_switcharoo661-gateway           |   10   |    0     |  0   |    1     |  0   |   0   |  0   |   0    |   0   |   1    |   0    |   0    |
|               tbl_switcharoo664               |   10   |    0     |  0   |    0     |  0   |   0   |  0   |   0    |   1   |   0    |   0    |   1    |
|        Ingress.debug_table2_insert_reg        |   11   |    0     |  0   |    0     |  2   |   0   |  2   |   0    |   0   |   0    |   0    |   0    |
|              Ingress.reg_2_v32_63             |   11   |    8     |  0   |    0     |  3   |   0   |  3   |   0    |   0   |   0    |   0    |   0    |
|                    cond-73                    |   11   |    1     |  0   |    1     |  0   |   0   |  0   |   0    |   0   |   1    |   0    |   0    |
|                    cond-74                    |   11   |    1     |  0   |    1     |  0   |   0   |  0   |   0    |   0   |   1    |   0    |   0    |
|                    cond-77                    |   11   |    1     |  0   |    1     |  0   |   0   |  0   |   0    |   0   |   1    |   0    |   0    |
|          tbl_debug_table2_insert_inc          |   11   |    0     |  0   |    0     |  0   |   0   |  0   |   0    |   1   |   0    |   0    |   1    |
|               tbl_switcharoo519               |   11   |    2     |  13  |    0     |  0   |   0   |  0   |   4    |   1   |   0    |   1    |   0    |
|           tbl_switcharoo519-gateway           |   11   |    0     |  0   |    1     |  0   |   0   |  0   |   0    |   0   |   1    |   0    |   0    |
|               tbl_switcharoo654               |   11   |    2     |  13  |    0     |  0   |   0   |  0   |   4    |   1   |   0    |   1    |   0    |
|           tbl_switcharoo654-gateway           |   11   |    0     |  0   |    1     |  0   |   0   |  0   |   0    |   0   |   1    |   0    |   0    |
|               tbl_switcharoo659               |   11   |    2     |  13  |    0     |  0   |   0   |  0   |   4    |   1   |   0    |   1    |   0    |
|           tbl_switcharoo659-gateway           |   11   |    1     |  0   |    1     |  0   |   0   |  0   |   0    |   0   |   1    |   0    |   0    |
|               tbl_switcharoo673               |   11   |    0     |  0   |    0     |  0   |   0   |  0   |   0    |   1   |   0    |   0    |   1    |
|               tbl_switcharoo675               |   11   |    0     |  0   |    0     |  0   |   0   |  0   |   0    |   1   |   0    |   0    |   1    |
| Ingress.debug_state_insert_from_max_loops_reg |   12   |    0     |  0   |    0     |  2   |   0   |  2   |   0    |   0   |   0    |   0    |   0    |
|         Ingress.debug_state_insert_reg        |   12   |    0     |  0   |    0     |  2   |   0   |  2   |   0    |   0   |   0    |   0    |   0    |
|                    cond-79                    |   12   |    1     |  0   |    1     |  0   |   0   |  0   |   0    |   0   |   1    |   0    |   1    |
|                    cond-80                    |   12   |    1     |  8   |    1     |  0   |   0   |  0   |   0    |   0   |   1    |   0    |   0    |
|                    cond-86                    |   12   |    1     |  0   |    1     |  0   |   0   |  0   |   0    |   0   |   1    |   0    |   0    |
|   tbl_debug_state_insert_from_max_loops_inc   |   12   |    0     |  0   |    0     |  0   |   0   |  0   |   0    |   1   |   0    |   0    |   1    |
|           tbl_debug_state_insert_inc          |   12   |    0     |  0   |    0     |  0   |   0   |  0   |   0    |   1   |   0    |   0    |   1    |
|                tbl_set_out_port               |   12   |    0     |  0   |    0     |  0   |   0   |  0   |   2    |   1   |   0    |   0    |   1    |
|               tbl_switcharoo526               |   12   |    0     |  0   |    0     |  0   |   0   |  0   |   0    |   1   |   0    |   0    |   1    |
|               tbl_switcharoo702               |   12   |    16    |  13  |    0     |  0   |   0   |  0   |   4    |   1   |   0    |   1    |   0    |
|               tbl_switcharoo709               |   12   |    0     |  0   |    0     |  0   |   0   |  0   |   0    |   1   |   0    |   0    |   1    |
|          Ingress.debug_state_swap_reg         |   13   |    0     |  0   |    0     |  2   |   0   |  2   |   0    |   0   |   0    |   0    |   0    |
|        Ingress.debug_state_swapped_reg        |   13   |    0     |  0   |    0     |  2   |   0   |  2   |   0    |   0   |   0    |   0    |   0    |
|         Ingress.debug_table2_evict_reg        |   13   |    0     |  0   |    0     |  2   |   0   |  2   |   0    |   0   |   0    |   0    |   0    |
|           Ingress.swapped_transient           |   13   |    0     |  0   |    0     |  2   |   0   |  2   |   0    |   0   |   0    |   0    |   0    |
|                    cond-78                    |   13   |    1     |  0   |    1     |  0   |   0   |  0   |   0    |   0   |   1    |   0    |   0    |
|                    cond-82                    |   13   |    2     |  0   |    1     |  0   |   0   |  0   |   0    |   0   |   1    |   0    |   1    |
|                    cond-83                    |   13   |    1     |  0   |    1     |  0   |   0   |  0   |   0    |   0   |   1    |   0    |   1    |
|                    cond-84                    |   13   |    1     |  0   |    1     |  0   |   0   |  0   |   0    |   0   |   1    |   0    |   0    |
|                    cond-85                    |   13   |    1     |  0   |    1     |  0   |   0   |  0   |   0    |   0   |   1    |   0    |   1    |
|            tbl_debug_state_swap_inc           |   13   |    0     |  0   |    0     |  0   |   0   |  0   |   0    |   1   |   0    |   0    |   1    |
|          tbl_debug_state_swapped_inc          |   13   |    0     |  0   |    0     |  0   |   0   |  0   |   0    |   1   |   0    |   0    |   1    |
|           tbl_debug_table2_evict_inc          |   13   |    0     |  0   |    0     |  0   |   0   |  0   |   0    |   1   |   0    |   0    |   1    |
|               tbl_switcharoo706               |   13   |    0     |  0   |    0     |  0   |   0   |  0   |   4    |   1   |   0    |   1    |   0    |
|           tbl_switcharoo706-gateway           |   13   |    0     |  0   |    1     |  0   |   0   |  0   |   0    |   0   |   1    |   0    |   0    |
|               tbl_switcharoo711               |   13   |    2     |  13  |    0     |  0   |   0   |  0   |   4    |   1   |   0    |   1    |   0    |
|           tbl_switcharoo711-gateway           |   13   |    0     |  0   |    1     |  0   |   0   |  0   |   0    |   0   |   1    |   0    |   0    |
|               tbl_switcharoo723               |   13   |    16    |  13  |    0     |  0   |   0   |  0   |   4    |   1   |   0    |   1    |   0    |
|               tbl_switcharoo726               |   13   |    16    |  13  |    0     |  0   |   0   |  0   |   4    |   1   |   0    |   1    |   0    |
|               tbl_switcharoo731               |   13   |    16    |  13  |    0     |  0   |   0   |  0   |   4    |   1   |   0    |   1    |   0    |
|               tbl_switcharoo734               |   13   |    16    |  13  |    0     |  0   |   0   |  0   |   4    |   1   |   0    |   1    |   0    |
|           tbl_switcharoo734-gateway           |   13   |    0     |  0   |    1     |  0   |   0   |  0   |   0    |   0   |   1    |   0    |   0    |
|             Ingress.swap_transient            |   14   |    2     |  0   |    0     |  2   |   0   |  2   |   0    |   0   |   0    |   0    |   0    |
|               tbl_switcharoo712               |   14   |    2     |  13  |    0     |  0   |   0   |  0   |   1    |   1   |   0    |   1    |   0    |
|           tbl_switcharoo712-gateway           |   14   |    0     |  0   |    1     |  0   |   0   |  0   |   0    |   0   |   1    |   0    |   0    |
|               tbl_switcharoo727               |   14   |    16    |  13  |    0     |  0   |   0   |  0   |   1    |   1   |   0    |   1    |   0    |
|           tbl_switcharoo727-gateway           |   14   |    0     |  0   |    1     |  0   |   0   |  0   |   0    |   0   |   1    |   0    |   0    |
|               tbl_switcharoo735               |   14   |    16    |  13  |    0     |  0   |   0   |  0   |   1    |   1   |   0    |   1    |   0    |
|           tbl_switcharoo735-gateway           |   14   |    0     |  0   |    1     |  0   |   0   |  0   |   0    |   0   |   1    |   0    |   0    |
|     Ingress.debug_state_aborted_insert_reg    |   15   |    0     |  0   |    0     |  2   |   0   |  2   |   0    |   0   |   0    |   0    |   0    |
|                    cond-81                    |   15   |    1     |  0   |    1     |  0   |   0   |  0   |   0    |   0   |   1    |   0    |   0    |
|       tbl_debug_state_aborted_insert_inc      |   15   |    0     |  0   |    0     |  0   |   0   |  0   |   0    |   1   |   0    |   0    |   1    |
|               tbl_switcharoo716               |   15   |    0     |  0   |    0     |  0   |   0   |  0   |   0    |   1   |   0    |   0    |   1    |
|               tbl_switcharoo719               |   15   |    0     |  0   |    0     |  0   |   0   |  0   |   0    |   1   |   0    |   0    |   1    |
|      Ingress.debug_max_recirculations_reg     |   16   |    0     |  0   |    0     |  2   |   0   |  2   |   0    |   0   |   0    |   0    |   0    |
|          Ingress.debug_state_nop_reg          |   16   |    0     |  0   |    0     |  2   |   0   |  2   |   0    |   0   |   0    |   0    |   0    |
|           Ingress.select_recirc_port          |   16   |    0     |  0   |    0     |  0   |   0   |  0   |   2    |   2   |   0    |   1    |   0    |
|                    cond-87                    |   16   |    1     |  0   |    1     |  0   |   0   |  0   |   0    |   0   |   1    |   0    |   0    |
|                    cond-88                    |   16   |    1     |  8   |    1     |  0   |   0   |  0   |   0    |   0   |   1    |   0    |   0    |
|          select_recirc_port_0-gateway         |   16   |    2     |  0   |    1     |  0   |   0   |  0   |   0    |   0   |   1    |   0    |   1    |
|        tbl_debug_max_recirculations_inc       |   16   |    0     |  0   |    0     |  0   |   0   |  0   |   0    |   1   |   0    |   0    |   1    |
|            tbl_debug_state_nop_inc            |   16   |    0     |  0   |    0     |  0   |   0   |  0   |   0    |   1   |   0    |   0    |   1    |
|               tbl_set_out_port_0              |   16   |    0     |  0   |    0     |  0   |   0   |  0   |   0    |   1   |   0    |   0    |   1    |
|               tbl_set_out_port_1              |   16   |    0     |  0   |    0     |  0   |   0   |  0   |   2    |   1   |   0    |   0    |   1    |
|               tbl_switcharoo749               |   16   |    0     |  0   |    0     |  0   |   0   |  0   |   0    |   1   |   0    |   0    |   1    |
|        Ingress.table_remove_extra_hdrs        |   17   |    0     |  0   |    0     |  0   |   0   |  0   |   0    |   2   |   0    |   1    |   0    |
|       table_remove_extra_hdrs_0-gateway       |   17   |    2     |  0   |    1     |  0   |   0   |  0   |   0    |   0   |   1    |   0    |   1    |
----------------------------------------------------------------------------------------------------------------------------------------------------------

