+---------------------------------------------------------------------+
|  Log file: mau.resources.log                                        |
|  Compiler version: 9.13.4                                           |
|  Created on: Wed May 14 10:18:52 2025                               |
|  Run ID: 4673f7732dfc409f                                           |
+---------------------------------------------------------------------+


---------------------------------------------------------------------------------------------------------------------------------------------------------------------------------------------------------------------------------------------------------------------------------------------------------------------------------------------------------------
| Stage Number | Exact Match Input xbar | Ternary Match Input xbar | Hash Bit | Hash Dist Unit | Gateway | SRAM | Map RAM | TCAM | VLIW Instr | Meter ALU | Stats ALU | Stash | Exact Match Search Bus | Exact Match Result Bus | Tind Result Bus | Action Data Bus Bytes | 8-bit Action Slots | 16-bit Action Slots | 32-bit Action Slots | Logical TableID |
---------------------------------------------------------------------------------------------------------------------------------------------------------------------------------------------------------------------------------------------------------------------------------------------------------------------------------------------------------------
|      0       |           6            |            0             |    10    |       0        |    4    |  1   |    0    |  0   |     3      |     0     |     0     |   0   |           4            |           1            |        2        |           8           |         0          |          0          |          0          |        4        |
|      1       |           4            |            0             |    0     |       0        |    1    |  0   |    0    |  0   |     2      |     0     |     0     |   0   |           1            |           0            |        3        |           0           |         0          |          0          |          0          |        3        |
|      2       |           5            |            0             |    13    |       1        |    2    |  0   |    0    |  0   |     2      |     0     |     0     |   0   |           1            |           1            |        2        |           2           |         0          |          0          |          0          |        3        |
|      3       |           3            |            0             |    13    |       1        |    1    |  0   |    0    |  0   |     2      |     0     |     0     |   0   |           1            |           1            |        2        |           2           |         0          |          0          |          0          |        2        |
|      4       |           7            |            0             |    26    |       2        |    3    |  0   |    0    |  0   |     2      |     0     |     0     |   0   |           2            |           3            |        1        |           6           |         0          |          0          |          0          |        3        |
|      5       |           10           |            0             |    39    |       3        |    5    |  3   |    3    |  0   |     3      |     1     |     0     |   0   |           4            |           5            |        2        |           6           |         0          |          0          |          0          |        5        |
|      6       |           10           |            0             |    26    |       2        |    4    |  3   |    3    |  0   |     3      |     1     |     0     |   0   |           4            |           4            |        2        |           4           |         0          |          0          |          0          |        4        |
|      7       |           12           |            0             |    26    |       2        |    8    |  3   |    3    |  0   |     6      |     1     |     0     |   0   |           6            |           6            |        6        |           4           |         0          |          0          |          0          |        10       |
|      8       |           12           |            0             |    52    |       4        |    4    |  0   |    0    |  0   |     4      |     0     |     0     |   0   |           4            |           4            |        6        |           12          |         0          |          0          |          0          |        6        |
|      9       |           8            |            0             |    39    |       3        |    6    |  3   |    3    |  0   |     4      |     1     |     0     |   0   |           3            |           6            |        0        |           8           |         0          |          0          |          0          |        6        |
|      10      |           10           |            0             |    26    |       2        |    4    |  3   |    3    |  0   |     3      |     1     |     0     |   0   |           4            |           4            |        2        |           4           |         0          |          0          |          0          |        4        |
|      11      |           10           |            0             |    26    |       2        |    8    |  3   |    3    |  0   |     5      |     1     |     0     |   0   |           6            |           6            |        6        |           4           |         0          |          0          |          0          |        12       |
|      12      |           4            |            0             |    0     |       0        |    4    |  0   |    0    |  0   |     4      |     0     |     0     |   0   |           4            |           0            |        4        |           0           |         0          |          0          |          0          |        4        |
|      13      |           13           |            0             |    52    |       4        |    4    |  0   |    0    |  0   |     2      |     0     |     0     |   0   |           3            |           2            |        0        |           8           |         0          |          0          |          0          |        4        |
|      14      |           6            |            0             |    27    |       1        |    12   |  2   |    2    |  0   |     4      |     1     |     0     |   0   |           11           |           10           |        8        |           4           |         0          |          0          |          0          |        12       |
|      15      |           6            |            0             |    26    |       2        |    6    |  2   |    2    |  0   |     4      |     1     |     0     |   0   |           3            |           6            |        0        |           2           |         0          |          0          |          0          |        6        |
|      16      |           1            |            0             |    0     |       0        |    4    |  0   |    0    |  0   |     4      |     0     |     0     |   0   |           4            |           0            |        6        |           0           |         0          |          0          |          0          |        6        |
|      17      |           5            |            0             |    10    |       0        |    8    |  2   |    0    |  0   |     6      |     0     |     0     |   0   |           8            |           1            |        8        |           10          |         0          |          0          |          0          |        11       |
|      18      |           1            |            0             |    0     |       0        |    1    |  0   |    0    |  0   |     1      |     0     |     0     |   0   |           1            |           0            |        1        |           0           |         0          |          0          |          0          |        1        |
|      19      |           5            |            0             |    40    |       0        |    1    |  4   |    0    |  0   |     1      |     0     |     0     |   0   |           1            |           1            |        0        |           2           |         0          |          0          |          0          |        1        |
|              |                        |                          |          |                |         |      |         |      |            |           |           |       |                        |                        |                 |                       |                    |                     |                     |                 |
|    Totals    |          138           |            0             |   451    |       29       |    90   |  29  |    22   |  0   |     65     |     8     |     0     |   0   |           75           |           61           |        61       |           86          |         0          |          0          |          0          |       107       |
---------------------------------------------------------------------------------------------------------------------------------------------------------------------------------------------------------------------------------------------------------------------------------------------------------------------------------------------------------------


-----------------------------------------------------------------------------------------------------------------------------------------------------------------------------------------------------------------------------------------------------------------------------------------------------------------------------------------------------------------
| Stage Number | Exact Match Input xbar | Ternary Match Input xbar | Hash Bit | Hash Dist Unit | Gateway |  SRAM | Map RAM |  TCAM | VLIW Instr | Meter ALU | Stats ALU | Stash | Exact Match Search Bus | Exact Match Result Bus | Tind Result Bus | Action Data Bus Bytes | 8-bit Action Slots | 16-bit Action Slots | 32-bit Action Slots | Logical TableID |
-----------------------------------------------------------------------------------------------------------------------------------------------------------------------------------------------------------------------------------------------------------------------------------------------------------------------------------------------------------------
|      0       |         4.69%          |          0.00%           |  2.40%   |     0.00%      |  25.00% | 1.25% |  0.00%  | 0.00% |   9.38%    |   0.00%   |   0.00%   | 0.00% |         25.00%         |         6.25%          |      12.50%     |         6.25%         |       0.00%        |        0.00%        |        0.00%        |      25.00%     |
|      1       |         3.12%          |          0.00%           |  0.00%   |     0.00%      |  6.25%  | 0.00% |  0.00%  | 0.00% |   6.25%    |   0.00%   |   0.00%   | 0.00% |         6.25%          |         0.00%          |      18.75%     |         0.00%         |       0.00%        |        0.00%        |        0.00%        |      18.75%     |
|      2       |         3.91%          |          0.00%           |  3.12%   |     16.67%     |  12.50% | 0.00% |  0.00%  | 0.00% |   6.25%    |   0.00%   |   0.00%   | 0.00% |         6.25%          |         6.25%          |      12.50%     |         1.56%         |       0.00%        |        0.00%        |        0.00%        |      18.75%     |
|      3       |         2.34%          |          0.00%           |  3.12%   |     16.67%     |  6.25%  | 0.00% |  0.00%  | 0.00% |   6.25%    |   0.00%   |   0.00%   | 0.00% |         6.25%          |         6.25%          |      12.50%     |         1.56%         |       0.00%        |        0.00%        |        0.00%        |      12.50%     |
|      4       |         5.47%          |          0.00%           |  6.25%   |     33.33%     |  18.75% | 0.00% |  0.00%  | 0.00% |   6.25%    |   0.00%   |   0.00%   | 0.00% |         12.50%         |         18.75%         |      6.25%      |         4.69%         |       0.00%        |        0.00%        |        0.00%        |      18.75%     |
|      5       |         7.81%          |          0.00%           |  9.38%   |     50.00%     |  31.25% | 3.75% |  6.25%  | 0.00% |   9.38%    |   25.00%  |   0.00%   | 0.00% |         25.00%         |         31.25%         |      12.50%     |         4.69%         |       0.00%        |        0.00%        |        0.00%        |      31.25%     |
|      6       |         7.81%          |          0.00%           |  6.25%   |     33.33%     |  25.00% | 3.75% |  6.25%  | 0.00% |   9.38%    |   25.00%  |   0.00%   | 0.00% |         25.00%         |         25.00%         |      12.50%     |         3.12%         |       0.00%        |        0.00%        |        0.00%        |      25.00%     |
|      7       |         9.38%          |          0.00%           |  6.25%   |     33.33%     |  50.00% | 3.75% |  6.25%  | 0.00% |   18.75%   |   25.00%  |   0.00%   | 0.00% |         37.50%         |         37.50%         |      37.50%     |         3.12%         |       0.00%        |        0.00%        |        0.00%        |      62.50%     |
|      8       |         9.38%          |          0.00%           |  12.50%  |     66.67%     |  25.00% | 0.00% |  0.00%  | 0.00% |   12.50%   |   0.00%   |   0.00%   | 0.00% |         25.00%         |         25.00%         |      37.50%     |         9.38%         |       0.00%        |        0.00%        |        0.00%        |      37.50%     |
|      9       |         6.25%          |          0.00%           |  9.38%   |     50.00%     |  37.50% | 3.75% |  6.25%  | 0.00% |   12.50%   |   25.00%  |   0.00%   | 0.00% |         18.75%         |         37.50%         |      0.00%      |         6.25%         |       0.00%        |        0.00%        |        0.00%        |      37.50%     |
|      10      |         7.81%          |          0.00%           |  6.25%   |     33.33%     |  25.00% | 3.75% |  6.25%  | 0.00% |   9.38%    |   25.00%  |   0.00%   | 0.00% |         25.00%         |         25.00%         |      12.50%     |         3.12%         |       0.00%        |        0.00%        |        0.00%        |      25.00%     |
|      11      |         7.81%          |          0.00%           |  6.25%   |     33.33%     |  50.00% | 3.75% |  6.25%  | 0.00% |   15.62%   |   25.00%  |   0.00%   | 0.00% |         37.50%         |         37.50%         |      37.50%     |         3.12%         |       0.00%        |        0.00%        |        0.00%        |      75.00%     |
|      12      |         3.12%          |          0.00%           |  0.00%   |     0.00%      |  25.00% | 0.00% |  0.00%  | 0.00% |   12.50%   |   0.00%   |   0.00%   | 0.00% |         25.00%         |         0.00%          |      25.00%     |         0.00%         |       0.00%        |        0.00%        |        0.00%        |      25.00%     |
|      13      |         10.16%         |          0.00%           |  12.50%  |     66.67%     |  25.00% | 0.00% |  0.00%  | 0.00% |   6.25%    |   0.00%   |   0.00%   | 0.00% |         18.75%         |         12.50%         |      0.00%      |         6.25%         |       0.00%        |        0.00%        |        0.00%        |      25.00%     |
|      14      |         4.69%          |          0.00%           |  6.49%   |     16.67%     |  75.00% | 2.50% |  4.17%  | 0.00% |   12.50%   |   25.00%  |   0.00%   | 0.00% |         68.75%         |         62.50%         |      50.00%     |         3.12%         |       0.00%        |        0.00%        |        0.00%        |      75.00%     |
|      15      |         4.69%          |          0.00%           |  6.25%   |     33.33%     |  37.50% | 2.50% |  4.17%  | 0.00% |   12.50%   |   25.00%  |   0.00%   | 0.00% |         18.75%         |         37.50%         |      0.00%      |         1.56%         |       0.00%        |        0.00%        |        0.00%        |      37.50%     |
|      16      |         0.78%          |          0.00%           |  0.00%   |     0.00%      |  25.00% | 0.00% |  0.00%  | 0.00% |   12.50%   |   0.00%   |   0.00%   | 0.00% |         25.00%         |         0.00%          |      37.50%     |         0.00%         |       0.00%        |        0.00%        |        0.00%        |      37.50%     |
|      17      |         3.91%          |          0.00%           |  2.40%   |     0.00%      |  50.00% | 2.50% |  0.00%  | 0.00% |   18.75%   |   0.00%   |   0.00%   | 0.00% |         50.00%         |         6.25%          |      50.00%     |         7.81%         |       0.00%        |        0.00%        |        0.00%        |      68.75%     |
|      18      |         0.78%          |          0.00%           |  0.00%   |     0.00%      |  6.25%  | 0.00% |  0.00%  | 0.00% |   3.12%    |   0.00%   |   0.00%   | 0.00% |         6.25%          |         0.00%          |      6.25%      |         0.00%         |       0.00%        |        0.00%        |        0.00%        |      6.25%      |
|      19      |         3.91%          |          0.00%           |  9.62%   |     0.00%      |  6.25%  | 5.00% |  0.00%  | 0.00% |   3.12%    |   0.00%   |   0.00%   | 0.00% |         6.25%          |         6.25%          |      0.00%      |         1.56%         |       0.00%        |        0.00%        |        0.00%        |      6.25%      |
|              |                        |                          |          |                |         |       |         |       |            |           |           |       |                        |                        |                 |                       |                    |                     |                     |                 |
|   Average    |         5.39%          |          0.00%           |  5.42%   |     24.17%     |  28.12% | 1.81% |  2.29%  | 0.00% |   10.16%   |   10.00%  |   0.00%   | 0.00% |         23.44%         |         19.06%         |      19.06%     |         3.36%         |       0.00%        |        0.00%        |        0.00%        |      33.44%     |
-----------------------------------------------------------------------------------------------------------------------------------------------------------------------------------------------------------------------------------------------------------------------------------------------------------------------------------------------------------------


Allocated Resource Usage
------------------------------------------------------------------------------------------------------------------------------------------------------------------
|                         Table                         | Stage  | Crossbar | Hash | Gateways | RAMs | TCAMs | Map  | Action |  VLIW |  Exm   |  Exm   |  Tind  |
|                          Name                         | Number |  Bytes   | Bits |          |      |       | RAMs |  Data  | Slots | Search | Result | Result |
|                                                       |        |          |      |          |      |       |      |  Bus   |       |  Bus   |  Bus   |  Bus   |
|                                                       |        |          |      |          |      |       |      | Bytes  |       |        |        |        |
------------------------------------------------------------------------------------------------------------------------------------------------------------------
|              IngressParser.$PORT_METADATA             |   -1   |    0     |  0   |    0     |  0   |   0   |  0   |   0    |   0   |   0    |   0    |   0    |
|             Ingress.ingress_port_to_nf_dev            |   0    |    2     |  10  |    0     |  1   |   0   |  0   |   4    |   2   |   1    |   1    |   0    |
|                        cond-57                        |   0    |    2     |  0   |    1     |  0   |   0   |  0   |   0    |   0   |   1    |   0    |   0    |
|                        cond-58                        |   0    |    1     |  0   |    1     |  0   |   0   |  0   |   0    |   0   |   1    |   0    |   0    |
|                        cond-59                        |   0    |    2     |  0   |    1     |  0   |   0   |  0   |   0    |   0   |   1    |   0    |   0    |
|                        cond-60                        |   0    |    1     |  0   |    1     |  0   |   0   |  0   |   0    |   0   |   1    |   0    |   0    |
|                tbl_cuckoo_hash_table612               |   0    |    0     |  0   |    0     |  0   |   0   |  0   |   4    |   1   |   0    |   0    |   1    |
|                tbl_cuckoo_hash_table620               |   0    |    0     |  0   |    0     |  0   |   0   |  0   |   0    |   1   |   0    |   0    |   1    |
|                        cond-85                        |   1    |    4     |  0   |    1     |  0   |   0   |  0   |   0    |   0   |   1    |   0    |   0    |
|                        tbl_act                        |   1    |    0     |  0   |    0     |  0   |   0   |  0   |   0    |   1   |   0    |   0    |   1    |
|                  tbl_build_cuckoo_hdr                 |   1    |    0     |  0   |    0     |  0   |   0   |  0   |   0    |   1   |   0    |   0    |   1    |
|                tbl_cuckoo_hash_table652               |   1    |    0     |  0   |    0     |  0   |   0   |  0   |   0    |   1   |   0    |   0    |   1    |
|                        cond-86                        |   2    |    1     |  0   |    1     |  0   |   0   |  0   |   0    |   0   |   1    |   0    |   0    |
|                tbl_cuckoo_hash_table658               |   2    |    0     |  0   |    0     |  0   |   0   |  0   |   0    |   1   |   0    |   0    |   1    |
|                tbl_cuckoo_hash_table696               |   2    |    0     |  0   |    0     |  0   |   0   |  0   |   0    |   1   |   0    |   0    |   1    |
|         tbl_cuckoo_hash_table_calc_cuckoo_hash        |   2    |    4     |  13  |    0     |  0   |   0   |  0   |   2    |   1   |   0    |   1    |   0    |
|     tbl_cuckoo_hash_table_calc_cuckoo_hash-gateway    |   2    |    0     |  0   |    1     |  0   |   0   |  0   |   0    |   0   |   1    |   0    |   0    |
|                        cond-61                        |   3    |    1     |  0   |    1     |  0   |   0   |  0   |   0    |   0   |   1    |   0    |   1    |
|                       tbl_act_0                       |   3    |    2     |  13  |    0     |  0   |   0   |  0   |   2    |   1   |   0    |   1    |   0    |
|                       tbl_act_6                       |   3    |    0     |  0   |    0     |  0   |   0   |  0   |   0    |   1   |   0    |   0    |   1    |
|                        cond-69                        |   4    |    1     |  0   |    1     |  0   |   0   |  0   |   0    |   0   |   1    |   0    |   1    |
|                tbl_cuckoo_hash_table407               |   4    |    2     |  13  |    0     |  0   |   0   |  0   |   2    |   1   |   0    |   1    |   0    |
|                tbl_cuckoo_hash_table408               |   4    |    0     |  0   |    0     |  0   |   0   |  0   |   2    |   1   |   0    |   1    |   0    |
|            tbl_cuckoo_hash_table408-gateway           |   4    |    0     |  0   |    1     |  0   |   0   |  0   |   0    |   0   |   1    |   0    |   0    |
|        tbl_cuckoo_hash_table_calc_cuckoo_hash_1       |   4    |    4     |  13  |    0     |  0   |   0   |  0   |   2    |   1   |   0    |   1    |   0    |
|    tbl_cuckoo_hash_table_calc_cuckoo_hash_1-gateway   |   4    |    0     |  0   |    1     |  0   |   0   |  0   |   0    |   0   |   1    |   0    |   0    |
|           Ingress.cuckoo_hash_table.reg_k_1           |   5    |    4     |  0   |    0     |  3   |   0   |  3   |   0    |   0   |   0    |   0    |   0    |
|                        cond-87                        |   5    |    1     |  0   |    1     |  0   |   0   |  0   |   0    |   0   |   1    |   0    |   1    |
|                        cond-95                        |   5    |    1     |  0   |    1     |  0   |   0   |  0   |   0    |   0   |   1    |   0    |   1    |
|                       tbl_act_0                       |   5    |    2     |  13  |    0     |  0   |   0   |  0   |   4    |   1   |   0    |   1    |   0    |
|                   tbl_act_0-gateway                   |   5    |    1     |  0   |    1     |  0   |   0   |  0   |   0    |   0   |   1    |   0    |   0    |
|                       tbl_act_7                       |   5    |    2     |  13  |    0     |  0   |   0   |  0   |   4    |   1   |   0    |   1    |   0    |
|                tbl_cuckoo_hash_table406               |   5    |    0     |  0   |    0     |  0   |   0   |  0   |   4    |   1   |   0    |   1    |   0    |
|            tbl_cuckoo_hash_table406-gateway           |   5    |    0     |  0   |    1     |  0   |   0   |  0   |   0    |   0   |   1    |   0    |   0    |
|               tbl_cuckoo_hash_table406_0              |   5    |    0     |  0   |    0     |  0   |   0   |  0   |   4    |   1   |   0    |   1    |   0    |
|           tbl_cuckoo_hash_table406_0-gateway          |   5    |    0     |  0   |    1     |  0   |   0   |  0   |   0    |   0   |   1    |   0    |   0    |
|               tbl_cuckoo_hash_table407_0              |   5    |    2     |  13  |    0     |  0   |   0   |  0   |   2    |   1   |   0    |   1    |   0    |
|           Ingress.cuckoo_hash_table.reg_ts_1          |   6    |    4     |  0   |    0     |  3   |   0   |  3   |   0    |   0   |   0    |   0    |   0    |
|                        cond-62                        |   6    |    1     |  0   |    1     |  0   |   0   |  0   |   0    |   0   |   1    |   0    |   1    |
|                        cond-88                        |   6    |    1     |  0   |    1     |  0   |   0   |  0   |   0    |   0   |   1    |   0    |   1    |
|                       tbl_act_1                       |   6    |    0     |  0   |    0     |  0   |   0   |  0   |   4    |   1   |   0    |   1    |   0    |
|                       tbl_act_8                       |   6    |    2     |  13  |    0     |  0   |   0   |  0   |   4    |   1   |   0    |   1    |   0    |
|                tbl_cuckoo_hash_table407               |   6    |    0     |  0   |    0     |  0   |   0   |  0   |   4    |   1   |   0    |   1    |   0    |
|            tbl_cuckoo_hash_table407-gateway           |   6    |    1     |  0   |    1     |  0   |   0   |  0   |   0    |   0   |   1    |   0    |   0    |
|               tbl_cuckoo_hash_table407_0              |   6    |    2     |  13  |    0     |  0   |   0   |  0   |   4    |   1   |   0    |   1    |   0    |
|           tbl_cuckoo_hash_table407_0-gateway          |   6    |    1     |  0   |    1     |  0   |   0   |  0   |   0    |   0   |   1    |   0    |   0    |
|           Ingress.cuckoo_hash_table.reg_v_1           |   7    |    4     |  0   |    0     |  3   |   0   |  3   |   0    |   0   |   0    |   0    |   0    |
|                        cond-63                        |   7    |    1     |  0   |    1     |  0   |   0   |  0   |   0    |   0   |   1    |   0    |   0    |
|                        cond-64                        |   7    |    1     |  0   |    1     |  0   |   0   |  0   |   0    |   0   |   1    |   0    |   1    |
|                        cond-89                        |   7    |    1     |  0   |    1     |  0   |   0   |  0   |   0    |   0   |   1    |   0    |   0    |
|                        cond-90                        |   7    |    1     |  0   |    1     |  0   |   0   |  0   |   0    |   0   |   1    |   0    |   1    |
|                tbl_cuckoo_hash_table382               |   7    |    0     |  0   |    0     |  0   |   0   |  0   |   4    |   1   |   0    |   1    |   0    |
|               tbl_cuckoo_hash_table382_0              |   7    |    2     |  13  |    0     |  0   |   0   |  0   |   4    |   1   |   0    |   1    |   0    |
|                tbl_cuckoo_hash_table384               |   7    |    0     |  0   |    0     |  0   |   0   |  0   |   4    |   1   |   0    |   1    |   0    |
|            tbl_cuckoo_hash_table384-gateway           |   7    |    0     |  0   |    1     |  0   |   0   |  0   |   0    |   0   |   1    |   0    |   0    |
|               tbl_cuckoo_hash_table384_0              |   7    |    0     |  0   |    0     |  0   |   0   |  0   |   4    |   1   |   0    |   1    |   0    |
|           tbl_cuckoo_hash_table384_0-gateway          |   7    |    0     |  0   |    1     |  0   |   0   |  0   |   0    |   0   |   1    |   0    |   0    |
|                tbl_cuckoo_hash_table386               |   7    |    0     |  0   |    0     |  0   |   0   |  0   |   0    |   1   |   0    |   0    |   1    |
|               tbl_cuckoo_hash_table386_0              |   7    |    0     |  0   |    0     |  0   |   0   |  0   |   0    |   1   |   0    |   0    |   1    |
|                tbl_cuckoo_hash_table408               |   7    |    2     |  13  |    0     |  0   |   0   |  0   |   4    |   1   |   0    |   1    |   0    |
|            tbl_cuckoo_hash_table408-gateway           |   7    |    1     |  0   |    1     |  0   |   0   |  0   |   0    |   0   |   1    |   0    |   0    |
|               tbl_cuckoo_hash_table408_0              |   7    |    0     |  0   |    0     |  0   |   0   |  0   |   4    |   1   |   0    |   1    |   0    |
|           tbl_cuckoo_hash_table408_0-gateway          |   7    |    0     |  0   |    1     |  0   |   0   |  0   |   0    |   0   |   1    |   0    |   0    |
|             tbl_cuckoo_hash_table_ts_diff             |   7    |    0     |  0   |    0     |  0   |   0   |  0   |   0    |   1   |   0    |   0    |   1    |
|            tbl_cuckoo_hash_table_ts_diff_1            |   7    |    0     |  0   |    0     |  0   |   0   |  0   |   0    |   1   |   0    |   0    |   1    |
|                        cond-65                        |   8    |    1     |  0   |    1     |  0   |   0   |  0   |   0    |   0   |   1    |   0    |   1    |
|                        cond-70                        |   8    |    3     |  0   |    1     |  0   |   0   |  0   |   0    |   0   |   1    |   0    |   1    |
|                        cond-91                        |   8    |    1     |  0   |    1     |  0   |   0   |  0   |   0    |   0   |   1    |   0    |   1    |
|                        cond-96                        |   8    |    3     |  0   |    1     |  0   |   0   |  0   |   0    |   0   |   1    |   0    |   1    |
|                tbl_cuckoo_hash_table431               |   8    |    0     |  0   |    0     |  0   |   0   |  0   |   0    |   1   |   0    |   0    |   1    |
|               tbl_cuckoo_hash_table431_0              |   8    |    0     |  0   |    0     |  0   |   0   |  0   |   0    |   1   |   0    |   0    |   1    |
|        tbl_cuckoo_hash_table_calc_cuckoo_hash_0       |   8    |    4     |  13  |    0     |  0   |   0   |  0   |   4    |   1   |   0    |   1    |   0    |
|        tbl_cuckoo_hash_table_calc_cuckoo_hash_2       |   8    |    4     |  13  |    0     |  0   |   0   |  0   |   4    |   1   |   0    |   1    |   0    |
|       tbl_cuckoo_hash_table_calc_cuckoo_hash_2_r      |   8    |    4     |  13  |    0     |  0   |   0   |  0   |   2    |   1   |   0    |   1    |   0    |
|      tbl_cuckoo_hash_table_calc_cuckoo_hash_2_r_0     |   8    |    4     |  13  |    0     |  0   |   0   |  0   |   2    |   1   |   0    |   1    |   0    |
|           Ingress.cuckoo_hash_table.reg_k_2           |   9    |    4     |  0   |    0     |  3   |   0   |  3   |   0    |   0   |   0    |   0    |   0    |
|                       tbl_act_2                       |   9    |    2     |  13  |    0     |  0   |   0   |  0   |   4    |   1   |   0    |   1    |   0    |
|                   tbl_act_2-gateway                   |   9    |    0     |  0   |    1     |  0   |   0   |  0   |   0    |   0   |   1    |   0    |   0    |
|                       tbl_act_9                       |   9    |    0     |  0   |    0     |  0   |   0   |  0   |   4    |   1   |   0    |   1    |   0    |
|                   tbl_act_9-gateway                   |   9    |    0     |  0   |    1     |  0   |   0   |  0   |   0    |   0   |   1    |   0    |   0    |
|                tbl_cuckoo_hash_table416               |   9    |    2     |  13  |    0     |  0   |   0   |  0   |   4    |   1   |   0    |   1    |   0    |
|            tbl_cuckoo_hash_table416-gateway           |   9    |    0     |  0   |    1     |  0   |   0   |  0   |   0    |   0   |   1    |   0    |   0    |
|               tbl_cuckoo_hash_table416_0              |   9    |    0     |  0   |    0     |  0   |   0   |  0   |   4    |   1   |   0    |   1    |   0    |
|           tbl_cuckoo_hash_table416_0-gateway          |   9    |    0     |  0   |    1     |  0   |   0   |  0   |   0    |   0   |   1    |   0    |   0    |
|                tbl_cuckoo_hash_table417               |   9    |    2     |  13  |    0     |  0   |   0   |  0   |   2    |   1   |   0    |   1    |   0    |
|            tbl_cuckoo_hash_table417-gateway           |   9    |    0     |  0   |    1     |  0   |   0   |  0   |   0    |   0   |   1    |   0    |   0    |
|               tbl_cuckoo_hash_table417_0              |   9    |    0     |  0   |    0     |  0   |   0   |  0   |   2    |   1   |   0    |   1    |   0    |
|           tbl_cuckoo_hash_table417_0-gateway          |   9    |    0     |  0   |    1     |  0   |   0   |  0   |   0    |   0   |   1    |   0    |   0    |
|           Ingress.cuckoo_hash_table.reg_ts_2          |   10   |    4     |  0   |    0     |  3   |   0   |  3   |   0    |   0   |   0    |   0    |   0    |
|                        cond-66                        |   10   |    1     |  0   |    1     |  0   |   0   |  0   |   0    |   0   |   1    |   0    |   1    |
|                        cond-92                        |   10   |    1     |  0   |    1     |  0   |   0   |  0   |   0    |   0   |   1    |   0    |   1    |
|                       tbl_act_10                      |   10   |    0     |  0   |    0     |  0   |   0   |  0   |   4    |   1   |   0    |   1    |   0    |
|                       tbl_act_3                       |   10   |    2     |  13  |    0     |  0   |   0   |  0   |   4    |   1   |   0    |   1    |   0    |
|                tbl_cuckoo_hash_table417               |   10   |    2     |  13  |    0     |  0   |   0   |  0   |   4    |   1   |   0    |   1    |   0    |
|            tbl_cuckoo_hash_table417-gateway           |   10   |    1     |  0   |    1     |  0   |   0   |  0   |   0    |   0   |   1    |   0    |   0    |
|               tbl_cuckoo_hash_table417_0              |   10   |    0     |  0   |    0     |  0   |   0   |  0   |   4    |   1   |   0    |   1    |   0    |
|           tbl_cuckoo_hash_table417_0-gateway          |   10   |    1     |  0   |    1     |  0   |   0   |  0   |   0    |   0   |   1    |   0    |   0    |
|           Ingress.cuckoo_hash_table.reg_v_2           |   11   |    4     |  0   |    0     |  3   |   0   |  3   |   0    |   0   |   0    |   0    |   0    |
|                        cond-67                        |   11   |    1     |  0   |    1     |  0   |   0   |  0   |   0    |   0   |   1    |   0    |   0    |
|                        cond-68                        |   11   |    1     |  0   |    1     |  0   |   0   |  0   |   0    |   0   |   1    |   0    |   1    |
|                        cond-93                        |   11   |    1     |  0   |    1     |  0   |   0   |  0   |   0    |   0   |   1    |   0    |   0    |
|                        cond-94                        |   11   |    1     |  0   |    1     |  0   |   0   |  0   |   0    |   0   |   1    |   0    |   1    |
|                tbl_cuckoo_hash_table396               |   11   |    2     |  13  |    0     |  0   |   0   |  0   |   4    |   1   |   0    |   1    |   0    |
|               tbl_cuckoo_hash_table396_0              |   11   |    0     |  0   |    0     |  0   |   0   |  0   |   4    |   1   |   0    |   1    |   0    |
|                tbl_cuckoo_hash_table398               |   11   |    0     |  0   |    0     |  0   |   0   |  0   |   4    |   1   |   0    |   1    |   0    |
|            tbl_cuckoo_hash_table398-gateway           |   11   |    0     |  0   |    1     |  0   |   0   |  0   |   0    |   0   |   1    |   0    |   0    |
|               tbl_cuckoo_hash_table398_0              |   11   |    0     |  0   |    0     |  0   |   0   |  0   |   4    |   1   |   0    |   1    |   0    |
|           tbl_cuckoo_hash_table398_0-gateway          |   11   |    0     |  0   |    1     |  0   |   0   |  0   |   0    |   0   |   1    |   0    |   0    |
|                tbl_cuckoo_hash_table400               |   11   |    0     |  0   |    0     |  0   |   0   |  0   |   0    |   1   |   0    |   0    |   1    |
|               tbl_cuckoo_hash_table400_0              |   11   |    0     |  0   |    0     |  0   |   0   |  0   |   0    |   1   |   0    |   0    |   1    |
|                tbl_cuckoo_hash_table418               |   11   |    2     |  13  |    0     |  0   |   0   |  0   |   4    |   1   |   0    |   1    |   0    |
|            tbl_cuckoo_hash_table418-gateway           |   11   |    0     |  0   |    1     |  0   |   0   |  0   |   0    |   0   |   1    |   0    |   0    |
|               tbl_cuckoo_hash_table418_0              |   11   |    0     |  0   |    0     |  0   |   0   |  0   |   4    |   1   |   0    |   1    |   0    |
|           tbl_cuckoo_hash_table418_0-gateway          |   11   |    0     |  0   |    1     |  0   |   0   |  0   |   0    |   0   |   1    |   0    |   0    |
|            tbl_cuckoo_hash_table_ts_diff_0            |   11   |    0     |  0   |    0     |  0   |   0   |  0   |   0    |   1   |   0    |   0    |   1    |
|            tbl_cuckoo_hash_table_ts_diff_2            |   11   |    0     |  0   |    0     |  0   |   0   |  0   |   0    |   1   |   0    |   0    |   1    |
|                        cond-71                        |   12   |    3     |  0   |    1     |  0   |   0   |  0   |   0    |   0   |   1    |   0    |   0    |
|                        cond-72                        |   12   |    1     |  0   |    1     |  0   |   0   |  0   |   0    |   0   |   1    |   0    |   0    |
|                        cond-97                        |   12   |    3     |  0   |    1     |  0   |   0   |  0   |   0    |   0   |   1    |   0    |   0    |
|                        cond-98                        |   12   |    1     |  0   |    1     |  0   |   0   |  0   |   0    |   0   |   1    |   0    |   0    |
|                tbl_cuckoo_hash_table425               |   12   |    0     |  0   |    0     |  0   |   0   |  0   |   0    |   1   |   0    |   0    |   1    |
|               tbl_cuckoo_hash_table425_0              |   12   |    0     |  0   |    0     |  0   |   0   |  0   |   0    |   1   |   0    |   0    |   1    |
|                tbl_cuckoo_hash_table428               |   12   |    0     |  0   |    0     |  0   |   0   |  0   |   0    |   1   |   0    |   0    |   1    |
|               tbl_cuckoo_hash_table428_0              |   12   |    0     |  0   |    0     |  0   |   0   |  0   |   0    |   1   |   0    |   0    |   1    |
|                        cond-73                        |   13   |    1     |  0   |    1     |  0   |   0   |  0   |   0    |   0   |   1    |   0    |   0    |
|                        cond-99                        |   13   |    1     |  0   |    1     |  0   |   0   |  0   |   0    |   0   |   1    |   0    |   0    |
|                tbl_cuckoo_hash_table515               |   13   |    8     |  26  |    0     |  0   |   0   |  0   |   4    |   1   |   0    |   1    |   0    |
|            tbl_cuckoo_hash_table515-gateway           |   13   |    0     |  0   |    1     |  0   |   0   |  0   |   0    |   0   |   1    |   0    |   0    |
|               tbl_cuckoo_hash_table515_0              |   13   |    8     |  26  |    0     |  0   |   0   |  0   |   4    |   1   |   0    |   1    |   0    |
|           tbl_cuckoo_hash_table515_0-gateway          |   13   |    0     |  0   |    1     |  0   |   0   |  0   |   0    |   0   |   1    |   0    |   0    |
|     Ingress.cuckoo_bloom_filter.swapped_transient     |   14   |    0     |  0   |    0     |  2   |   0   |  2   |   0    |   0   |   0    |   0    |   0    |
|                        cond-100                       |   14   |    1     |  0   |    1     |  0   |   0   |  0   |   0    |   0   |   1    |   0    |   1    |
|                        cond-101                       |   14   |    1     |  0   |    1     |  0   |   0   |  0   |   0    |   0   |   1    |   0    |   1    |
|                        cond-103                       |   14   |    1     |  0   |    1     |  0   |   0   |  0   |   0    |   0   |   1    |   0    |   0    |
|                        cond-104                       |   14   |    1     |  7   |    1     |  0   |   0   |  0   |   0    |   0   |   1    |   0    |   1    |
|                        cond-106                       |   14   |    1     |  0   |    1     |  0   |   0   |  0   |   0    |   0   |   1    |   0    |   1    |
|                        cond-74                        |   14   |    1     |  0   |    1     |  0   |   0   |  0   |   0    |   0   |   1    |   0    |   1    |
|                        cond-75                        |   14   |    1     |  0   |    1     |  0   |   0   |  0   |   0    |   0   |   1    |   0    |   1    |
|                        cond-77                        |   14   |    1     |  0   |    1     |  0   |   0   |  0   |   0    |   0   |   1    |   0    |   0    |
|                        cond-78                        |   14   |    1     |  7   |    1     |  0   |   0   |  0   |   0    |   0   |   1    |   0    |   1    |
|                        cond-80                        |   14   |    1     |  0   |    1     |  0   |   0   |  0   |   0    |   0   |   1    |   0    |   1    |
|                tbl_cuckoo_hash_table520               |   14   |    0     |  0   |    0     |  0   |   0   |  0   |   4    |   1   |   0    |   1    |   0    |
|               tbl_cuckoo_hash_table520_0              |   14   |    0     |  0   |    0     |  0   |   0   |  0   |   4    |   1   |   0    |   1    |   0    |
|                tbl_cuckoo_hash_table523               |   14   |    2     |  13  |    0     |  0   |   0   |  0   |   4    |   1   |   0    |   1    |   0    |
|               tbl_cuckoo_hash_table523_0              |   14   |    0     |  0   |    0     |  0   |   0   |  0   |   4    |   1   |   0    |   1    |   0    |
|                tbl_cuckoo_hash_table529               |   14   |    0     |  0   |    0     |  0   |   0   |  0   |   4    |   1   |   0    |   1    |   0    |
|            tbl_cuckoo_hash_table529-gateway           |   14   |    0     |  0   |    1     |  0   |   0   |  0   |   0    |   0   |   1    |   0    |   0    |
|               tbl_cuckoo_hash_table529_0              |   14   |    0     |  0   |    0     |  0   |   0   |  0   |   4    |   1   |   0    |   1    |   0    |
|           tbl_cuckoo_hash_table529_0-gateway          |   14   |    0     |  0   |    1     |  0   |   0   |  0   |   0    |   0   |   1    |   0    |   0    |
|                tbl_cuckoo_hash_table532               |   14   |    0     |  0   |    0     |  0   |   0   |  0   |   4    |   1   |   0    |   1    |   0    |
|               tbl_cuckoo_hash_table532_0              |   14   |    0     |  0   |    0     |  0   |   0   |  0   |   4    |   1   |   0    |   1    |   0    |
|                tbl_cuckoo_hash_table540               |   14   |    0     |  0   |    0     |  0   |   0   |  0   |   4    |   1   |   0    |   1    |   0    |
|               tbl_cuckoo_hash_table540_0              |   14   |    0     |  0   |    0     |  0   |   0   |  0   |   4    |   1   |   0    |   1    |   0    |
|       Ingress.cuckoo_bloom_filter.swap_transient      |   15   |    2     |  0   |    0     |  2   |   0   |  2   |   0    |   0   |   0    |   0    |   0    |
|                       tbl_act_11                      |   15   |    0     |  0   |    0     |  0   |   0   |  0   |   2    |   1   |   0    |   1    |   0    |
|                   tbl_act_11-gateway                  |   15   |    0     |  0   |    1     |  0   |   0   |  0   |   0    |   0   |   1    |   0    |   0    |
|                       tbl_act_12                      |   15   |    2     |  13  |    0     |  0   |   0   |  0   |   2    |   1   |   0    |   1    |   0    |
|                   tbl_act_12-gateway                  |   15   |    0     |  0   |    1     |  0   |   0   |  0   |   0    |   0   |   1    |   0    |   0    |
|                       tbl_act_4                       |   15   |    0     |  0   |    0     |  0   |   0   |  0   |   2    |   1   |   0    |   1    |   0    |
|                   tbl_act_4-gateway                   |   15   |    0     |  0   |    1     |  0   |   0   |  0   |   0    |   0   |   1    |   0    |   0    |
|                       tbl_act_5                       |   15   |    0     |  0   |    0     |  0   |   0   |  0   |   2    |   1   |   0    |   1    |   0    |
|                   tbl_act_5-gateway                   |   15   |    0     |  0   |    1     |  0   |   0   |  0   |   0    |   0   |   1    |   0    |   0    |
|                tbl_cuckoo_hash_table541               |   15   |    0     |  0   |    0     |  0   |   0   |  0   |   2    |   1   |   0    |   1    |   0    |
|            tbl_cuckoo_hash_table541-gateway           |   15   |    0     |  0   |    1     |  0   |   0   |  0   |   0    |   0   |   1    |   0    |   0    |
|               tbl_cuckoo_hash_table541_0              |   15   |    2     |  13  |    0     |  0   |   0   |  0   |   2    |   1   |   0    |   1    |   0    |
|           tbl_cuckoo_hash_table541_0-gateway          |   15   |    0     |  0   |    1     |  0   |   0   |  0   |   0    |   0   |   1    |   0    |   0    |
|                        cond-102                       |   16   |    1     |  0   |    1     |  0   |   0   |  0   |   0    |   0   |   1    |   0    |   0    |
|                        cond-105                       |   16   |    1     |  0   |    1     |  0   |   0   |  0   |   0    |   0   |   1    |   0    |   0    |
|                        cond-76                        |   16   |    1     |  0   |    1     |  0   |   0   |  0   |   0    |   0   |   1    |   0    |   0    |
|                        cond-79                        |   16   |    1     |  0   |    1     |  0   |   0   |  0   |   0    |   0   |   1    |   0    |   0    |
|                tbl_cuckoo_hash_table525               |   16   |    0     |  0   |    0     |  0   |   0   |  0   |   0    |   1   |   0    |   0    |   1    |
|               tbl_cuckoo_hash_table525_0              |   16   |    0     |  0   |    0     |  0   |   0   |  0   |   0    |   1   |   0    |   0    |   1    |
|                tbl_cuckoo_hash_table534               |   16   |    0     |  0   |    0     |  0   |   0   |  0   |   0    |   1   |   0    |   0    |   1    |
|               tbl_cuckoo_hash_table534_0              |   16   |    0     |  0   |    0     |  0   |   0   |  0   |   0    |   1   |   0    |   0    |   1    |
|                tbl_cuckoo_hash_table536               |   16   |    0     |  0   |    0     |  0   |   0   |  0   |   0    |   1   |   0    |   0    |   1    |
|               tbl_cuckoo_hash_table536_0              |   16   |    0     |  0   |    0     |  0   |   0   |  0   |   0    |   1   |   0    |   0    |   1    |
|     Ingress.cuckoo_bloom_filter.cuckoo_recirculate    |   17   |    2     |  10  |    0     |  1   |   0   |  0   |   6    |   2   |   1    |   1    |   0    |
| Ingress.cuckoo_bloom_filter.cuckoo_recirculate$action |   17   |    0     |  0   |    0     |  1   |   0   |  0   |   0    |   0   |   0    |   0    |   0    |
|                        cond-107                       |   17   |    1     |  0   |    1     |  0   |   0   |  0   |   0    |   0   |   1    |   0    |   0    |
|                        cond-108                       |   17   |    1     |  0   |    1     |  0   |   0   |  0   |   0    |   0   |   1    |   0    |   0    |
|                        cond-109                       |   17   |    1     |  0   |    1     |  0   |   0   |  0   |   0    |   0   |   1    |   0    |   0    |
|                        cond-110                       |   17   |    1     |  0   |    1     |  0   |   0   |  0   |   0    |   0   |   1    |   0    |   0    |
|                        cond-81                        |   17   |    1     |  0   |    1     |  0   |   0   |  0   |   0    |   0   |   1    |   0    |   0    |
|                        cond-82                        |   17   |    1     |  0   |    1     |  0   |   0   |  0   |   0    |   0   |   1    |   0    |   0    |
|                        cond-83                        |   17   |    1     |  0   |    1     |  0   |   0   |  0   |   0    |   0   |   1    |   0    |   0    |
|                        cond-84                        |   17   |    1     |  0   |    1     |  0   |   0   |  0   |   0    |   0   |   1    |   0    |   0    |
|                tbl_cuckoo_hash_table545               |   17   |    0     |  0   |    0     |  0   |   0   |  0   |   0    |   1   |   0    |   0    |   1    |
|               tbl_cuckoo_hash_table545_0              |   17   |    0     |  0   |    0     |  0   |   0   |  0   |   0    |   1   |   0    |   0    |   1    |
|                tbl_cuckoo_hash_table637               |   17   |    0     |  0   |    0     |  0   |   0   |  0   |   0    |   1   |   0    |   0    |   1    |
|                tbl_cuckoo_hash_table641               |   17   |    0     |  0   |    0     |  0   |   0   |  0   |   0    |   1   |   0    |   0    |   1    |
|                tbl_cuckoo_hash_table643               |   17   |    0     |  0   |    0     |  0   |   0   |  0   |   2    |   1   |   0    |   0    |   1    |
|                tbl_cuckoo_hash_table675               |   17   |    0     |  0   |    0     |  0   |   0   |  0   |   0    |   1   |   0    |   0    |   1    |
|                tbl_cuckoo_hash_table679               |   17   |    0     |  0   |    0     |  0   |   0   |  0   |   0    |   1   |   0    |   0    |   1    |
|                tbl_cuckoo_hash_table681               |   17   |    0     |  0   |    0     |  0   |   0   |  0   |   2    |   1   |   0    |   0    |   1    |
|                        cond-112                       |   18   |    1     |  0   |    1     |  0   |   0   |  0   |   0    |   0   |   1    |   0    |   0    |
|                tbl_cuckoo_hash_table693               |   18   |    0     |  0   |    0     |  0   |   0   |  0   |   0    |   1   |   0    |   0    |   1    |
|                 Ingress.forward_nf_dev                |   19   |    4     |  40  |    0     |  4   |   0   |  0   |   2    |   2   |   1    |   1    |   0    |
|                        cond-111                       |   19   |    1     |  0   |    1     |  0   |   0   |  0   |   0    |   0   |   1    |   0    |   0    |
------------------------------------------------------------------------------------------------------------------------------------------------------------------

