+---------------------------------------------------------------------+
|  Log file: mau.resources.log                                        |
|  Compiler version: 9.12.0                                           |
|  Created on: Tue Jan 14 21:19:57 2025                               |
|  Run ID: 8fd7bf412d204bbd                                           |
+---------------------------------------------------------------------+


---------------------------------------------------------------------------------------------------------------------------------------------------------------------------------------------------------------------------------------------------------------------------------------------------------------------------------------------------------------
| Stage Number | Exact Match Input xbar | Ternary Match Input xbar | Hash Bit | Hash Dist Unit | Gateway | SRAM | Map RAM | TCAM | VLIW Instr | Meter ALU | Stats ALU | Stash | Exact Match Search Bus | Exact Match Result Bus | Tind Result Bus | Action Data Bus Bytes | 8-bit Action Slots | 16-bit Action Slots | 32-bit Action Slots | Logical TableID |
---------------------------------------------------------------------------------------------------------------------------------------------------------------------------------------------------------------------------------------------------------------------------------------------------------------------------------------------------------------
|      0       |           15           |            0             |    44    |       0        |    7    |  8   |    0    |  0   |     3      |     0     |     0     |   0   |           7            |           1            |        3        |           4           |         0          |          0          |          0          |        9        |
|      1       |           26           |            0             |    63    |       1        |    12   |  16  |    12   |  0   |     6      |     4     |     0     |   0   |           9            |           9            |        7        |           0           |         0          |          0          |          0          |        15       |
|      2       |           20           |            0             |    23    |       1        |    8    |  12  |    12   |  0   |     1      |     4     |     0     |   0   |           4            |           8            |        0        |           0           |         0          |          0          |          0          |        8        |
|      3       |           20           |            0             |    23    |       1        |    8    |  12  |    12   |  0   |     1      |     4     |     0     |   0   |           4            |           8            |        0        |           0           |         0          |          0          |          0          |        8        |
|      4       |           20           |            0             |    23    |       1        |    8    |  12  |    12   |  0   |     1      |     4     |     0     |   0   |           4            |           8            |        0        |           0           |         0          |          0          |          0          |        8        |
|      5       |           20           |            0             |    23    |       1        |    8    |  12  |    12   |  0   |     1      |     4     |     0     |   0   |           4            |           8            |        0        |           0           |         0          |          0          |          0          |        8        |
|      6       |           20           |            0             |    23    |       1        |    8    |  12  |    12   |  0   |     1      |     4     |     0     |   0   |           4            |           8            |        0        |           0           |         0          |          0          |          0          |        8        |
|      7       |           20           |            0             |    23    |       1        |    8    |  12  |    12   |  0   |     1      |     4     |     0     |   0   |           4            |           8            |        0        |           0           |         0          |          0          |          0          |        8        |
|      8       |           20           |            0             |    23    |       1        |    8    |  12  |    12   |  0   |     1      |     4     |     0     |   0   |           4            |           8            |        0        |           0           |         0          |          0          |          0          |        8        |
|      9       |           0            |            0             |    0     |       0        |    0    |  0   |    0    |  0   |     0      |     0     |     0     |   0   |           0            |           0            |        0        |           0           |         0          |          0          |          0          |        0        |
|      10      |           0            |            0             |    0     |       0        |    0    |  0   |    0    |  0   |     0      |     0     |     0     |   0   |           0            |           0            |        0        |           0           |         0          |          0          |          0          |        0        |
|      11      |           0            |            0             |    0     |       0        |    0    |  0   |    0    |  0   |     0      |     0     |     0     |   0   |           0            |           0            |        0        |           0           |         0          |          0          |          0          |        0        |
|      12      |           0            |            0             |    0     |       0        |    0    |  0   |    0    |  0   |     0      |     0     |     0     |   0   |           0            |           0            |        0        |           0           |         0          |          0          |          0          |        0        |
|      13      |           0            |            0             |    0     |       0        |    0    |  0   |    0    |  0   |     0      |     0     |     0     |   0   |           0            |           0            |        0        |           0           |         0          |          0          |          0          |        0        |
|      14      |           0            |            0             |    0     |       0        |    0    |  0   |    0    |  0   |     0      |     0     |     0     |   0   |           0            |           0            |        0        |           0           |         0          |          0          |          0          |        0        |
|      15      |           0            |            0             |    0     |       0        |    0    |  0   |    0    |  0   |     0      |     0     |     0     |   0   |           0            |           0            |        0        |           0           |         0          |          0          |          0          |        0        |
|      16      |           0            |            0             |    0     |       0        |    0    |  0   |    0    |  0   |     0      |     0     |     0     |   0   |           0            |           0            |        0        |           0           |         0          |          0          |          0          |        0        |
|      17      |           0            |            0             |    0     |       0        |    0    |  0   |    0    |  0   |     0      |     0     |     0     |   0   |           0            |           0            |        0        |           0           |         0          |          0          |          0          |        0        |
|      18      |           0            |            0             |    0     |       0        |    0    |  0   |    0    |  0   |     0      |     0     |     0     |   0   |           0            |           0            |        0        |           0           |         0          |          0          |          0          |        0        |
|      19      |           0            |            0             |    0     |       0        |    0    |  0   |    0    |  0   |     0      |     0     |     0     |   0   |           0            |           0            |        0        |           0           |         0          |          0          |          0          |        0        |
|              |                        |                          |          |                |         |      |         |      |            |           |           |       |                        |                        |                 |                       |                    |                     |                     |                 |
|    Totals    |          181           |            0             |   268    |       8        |    75   | 108  |    96   |  0   |     16     |     32    |     0     |   0   |           44           |           66           |        10       |           4           |         0          |          0          |          0          |        80       |
---------------------------------------------------------------------------------------------------------------------------------------------------------------------------------------------------------------------------------------------------------------------------------------------------------------------------------------------------------------


------------------------------------------------------------------------------------------------------------------------------------------------------------------------------------------------------------------------------------------------------------------------------------------------------------------------------------------------------------------
| Stage Number | Exact Match Input xbar | Ternary Match Input xbar | Hash Bit | Hash Dist Unit | Gateway |  SRAM  | Map RAM |  TCAM | VLIW Instr | Meter ALU | Stats ALU | Stash | Exact Match Search Bus | Exact Match Result Bus | Tind Result Bus | Action Data Bus Bytes | 8-bit Action Slots | 16-bit Action Slots | 32-bit Action Slots | Logical TableID |
------------------------------------------------------------------------------------------------------------------------------------------------------------------------------------------------------------------------------------------------------------------------------------------------------------------------------------------------------------------
|      0       |         11.72%         |          0.00%           |  10.58%  |     0.00%      |  43.75% | 10.00% |  0.00%  | 0.00% |   9.38%    |   0.00%   |   0.00%   | 0.00% |         43.75%         |         6.25%          |      18.75%     |         3.12%         |       0.00%        |        0.00%        |        0.00%        |      56.25%     |
|      1       |         20.31%         |          0.00%           |  15.14%  |     16.67%     |  75.00% | 20.00% |  25.00% | 0.00% |   18.75%   |  100.00%  |   0.00%   | 0.00% |         56.25%         |         56.25%         |      43.75%     |         0.00%         |       0.00%        |        0.00%        |        0.00%        |      93.75%     |
|      2       |         15.62%         |          0.00%           |  5.53%   |     16.67%     |  50.00% | 15.00% |  25.00% | 0.00% |   3.12%    |  100.00%  |   0.00%   | 0.00% |         25.00%         |         50.00%         |      0.00%      |         0.00%         |       0.00%        |        0.00%        |        0.00%        |      50.00%     |
|      3       |         15.62%         |          0.00%           |  5.53%   |     16.67%     |  50.00% | 15.00% |  25.00% | 0.00% |   3.12%    |  100.00%  |   0.00%   | 0.00% |         25.00%         |         50.00%         |      0.00%      |         0.00%         |       0.00%        |        0.00%        |        0.00%        |      50.00%     |
|      4       |         15.62%         |          0.00%           |  5.53%   |     16.67%     |  50.00% | 15.00% |  25.00% | 0.00% |   3.12%    |  100.00%  |   0.00%   | 0.00% |         25.00%         |         50.00%         |      0.00%      |         0.00%         |       0.00%        |        0.00%        |        0.00%        |      50.00%     |
|      5       |         15.62%         |          0.00%           |  5.53%   |     16.67%     |  50.00% | 15.00% |  25.00% | 0.00% |   3.12%    |  100.00%  |   0.00%   | 0.00% |         25.00%         |         50.00%         |      0.00%      |         0.00%         |       0.00%        |        0.00%        |        0.00%        |      50.00%     |
|      6       |         15.62%         |          0.00%           |  5.53%   |     16.67%     |  50.00% | 15.00% |  25.00% | 0.00% |   3.12%    |  100.00%  |   0.00%   | 0.00% |         25.00%         |         50.00%         |      0.00%      |         0.00%         |       0.00%        |        0.00%        |        0.00%        |      50.00%     |
|      7       |         15.62%         |          0.00%           |  5.53%   |     16.67%     |  50.00% | 15.00% |  25.00% | 0.00% |   3.12%    |  100.00%  |   0.00%   | 0.00% |         25.00%         |         50.00%         |      0.00%      |         0.00%         |       0.00%        |        0.00%        |        0.00%        |      50.00%     |
|      8       |         15.62%         |          0.00%           |  5.53%   |     16.67%     |  50.00% | 15.00% |  25.00% | 0.00% |   3.12%    |  100.00%  |   0.00%   | 0.00% |         25.00%         |         50.00%         |      0.00%      |         0.00%         |       0.00%        |        0.00%        |        0.00%        |      50.00%     |
|      9       |         0.00%          |          0.00%           |  0.00%   |     0.00%      |  0.00%  | 0.00%  |  0.00%  | 0.00% |   0.00%    |   0.00%   |   0.00%   | 0.00% |         0.00%          |         0.00%          |      0.00%      |         0.00%         |       0.00%        |        0.00%        |        0.00%        |      0.00%      |
|      10      |         0.00%          |          0.00%           |  0.00%   |     0.00%      |  0.00%  | 0.00%  |  0.00%  | 0.00% |   0.00%    |   0.00%   |   0.00%   | 0.00% |         0.00%          |         0.00%          |      0.00%      |         0.00%         |       0.00%        |        0.00%        |        0.00%        |      0.00%      |
|      11      |         0.00%          |          0.00%           |  0.00%   |     0.00%      |  0.00%  | 0.00%  |  0.00%  | 0.00% |   0.00%    |   0.00%   |   0.00%   | 0.00% |         0.00%          |         0.00%          |      0.00%      |         0.00%         |       0.00%        |        0.00%        |        0.00%        |      0.00%      |
|      12      |         0.00%          |          0.00%           |  0.00%   |     0.00%      |  0.00%  | 0.00%  |  0.00%  | 0.00% |   0.00%    |   0.00%   |   0.00%   | 0.00% |         0.00%          |         0.00%          |      0.00%      |         0.00%         |       0.00%        |        0.00%        |        0.00%        |      0.00%      |
|      13      |         0.00%          |          0.00%           |  0.00%   |     0.00%      |  0.00%  | 0.00%  |  0.00%  | 0.00% |   0.00%    |   0.00%   |   0.00%   | 0.00% |         0.00%          |         0.00%          |      0.00%      |         0.00%         |       0.00%        |        0.00%        |        0.00%        |      0.00%      |
|      14      |         0.00%          |          0.00%           |  0.00%   |     0.00%      |  0.00%  | 0.00%  |  0.00%  | 0.00% |   0.00%    |   0.00%   |   0.00%   | 0.00% |         0.00%          |         0.00%          |      0.00%      |         0.00%         |       0.00%        |        0.00%        |        0.00%        |      0.00%      |
|      15      |         0.00%          |          0.00%           |  0.00%   |     0.00%      |  0.00%  | 0.00%  |  0.00%  | 0.00% |   0.00%    |   0.00%   |   0.00%   | 0.00% |         0.00%          |         0.00%          |      0.00%      |         0.00%         |       0.00%        |        0.00%        |        0.00%        |      0.00%      |
|      16      |         0.00%          |          0.00%           |  0.00%   |     0.00%      |  0.00%  | 0.00%  |  0.00%  | 0.00% |   0.00%    |   0.00%   |   0.00%   | 0.00% |         0.00%          |         0.00%          |      0.00%      |         0.00%         |       0.00%        |        0.00%        |        0.00%        |      0.00%      |
|      17      |         0.00%          |          0.00%           |  0.00%   |     0.00%      |  0.00%  | 0.00%  |  0.00%  | 0.00% |   0.00%    |   0.00%   |   0.00%   | 0.00% |         0.00%          |         0.00%          |      0.00%      |         0.00%         |       0.00%        |        0.00%        |        0.00%        |      0.00%      |
|      18      |         0.00%          |          0.00%           |  0.00%   |     0.00%      |  0.00%  | 0.00%  |  0.00%  | 0.00% |   0.00%    |   0.00%   |   0.00%   | 0.00% |         0.00%          |         0.00%          |      0.00%      |         0.00%         |       0.00%        |        0.00%        |        0.00%        |      0.00%      |
|      19      |         0.00%          |          0.00%           |  0.00%   |     0.00%      |  0.00%  | 0.00%  |  0.00%  | 0.00% |   0.00%    |   0.00%   |   0.00%   | 0.00% |         0.00%          |         0.00%          |      0.00%      |         0.00%         |       0.00%        |        0.00%        |        0.00%        |      0.00%      |
|              |                        |                          |          |                |         |        |         |       |            |           |           |       |                        |                        |                 |                       |                    |                     |                     |                 |
|   Average    |         15.71%         |          0.00%           |  7.16%   |     14.81%     |  52.08% | 15.00% |  22.22% | 0.00% |   5.56%    |   88.89%  |   0.00%   | 0.00% |         30.56%         |         45.83%         |      6.94%      |         0.35%         |       0.00%        |        0.00%        |        0.00%        |      55.56%     |
------------------------------------------------------------------------------------------------------------------------------------------------------------------------------------------------------------------------------------------------------------------------------------------------------------------------------------------------------------------


Allocated Resource Usage
---------------------------------------------------------------------------------------------------------------------------------------------
|              Table               | Stage  | Crossbar | Hash | Gateways | RAMs | TCAMs | Map  | Action |  VLIW |  Exm   |  Exm   |  Tind  |
|               Name               | Number |  Bytes   | Bits |          |      |       | RAMs |  Data  | Slots | Search | Result | Result |
|                                  |        |          |      |          |      |       |      |  Bus   |       |  Bus   |  Bus   |  Bus   |
|                                  |        |          |      |          |      |       |      | Bytes  |       |        |        |        |
---------------------------------------------------------------------------------------------------------------------------------------------
|   IngressParser.$PORT_METADATA   |   -1   |    0     |  0   |    0     |  0   |   0   |  0   |   0    |   0   |   0    |   0    |   0    |
|   Ingress.table_1073912440_14    |   0    |    12    |  44  |    0     |  8   |   0   |  0   |   4    |   2   |   1    |   1    |   0    |
|             cond-13              |   0    |    1     |  0   |    1     |  0   |   0   |  0   |   0    |   0   |   1    |   0    |   0    |
|             cond-14              |   0    |    1     |  0   |    1     |  0   |   0   |  0   |   0    |   0   |   1    |   0    |   0    |
|             cond-15              |   0    |    1     |  0   |    1     |  0   |   0   |  0   |   0    |   0   |   1    |   0    |   0    |
|             cond-16              |   0    |    1     |  0   |    1     |  0   |   0   |  0   |   0    |   0   |   1    |   0    |   0    |
|             cond-17              |   0    |    1     |  0   |    1     |  0   |   0   |  0   |   0    |   0   |   1    |   0    |   0    |
|             cond-18              |   0    |    1     |  0   |    1     |  0   |   0   |  0   |   0    |   0   |   1    |   0    |   0    |
|             cond-19              |   0    |    2     |  0   |    1     |  0   |   0   |  0   |   0    |   0   |   1    |   0    |   0    |
|             tbl_act              |   0    |    0     |  0   |    0     |  0   |   0   |  0   |   0    |   1   |   0    |   0    |   1    |
|             tbl_fwd              |   0    |    0     |  0   |    0     |  0   |   0   |  0   |   0    |   1   |   0    |   0    |   1    |
|            tbl_fwd_0             |   0    |    0     |  0   |    0     |  0   |   0   |  0   |   0    |   1   |   0    |   0    |   1    |
|   Ingress.table_1073952504_39    |   1    |    4     |  40  |    0     |  4   |   0   |  0   |   0    |   1   |   1    |   1    |   0    |
| Ingress.vector_reg_1073938944_28 |   1    |    4     |  0   |    0     |  3   |   0   |  3   |   0    |   0   |   0    |   0    |   0    |
| Ingress.vector_reg_1073938944_29 |   1    |    4     |  0   |    0     |  3   |   0   |  3   |   0    |   0   |   0    |   0    |   0    |
| Ingress.vector_reg_1073938944_30 |   1    |    4     |  0   |    0     |  3   |   0   |  3   |   0    |   0   |   0    |   0    |   0    |
| Ingress.vector_reg_1073938944_31 |   1    |    4     |  0   |    0     |  3   |   0   |  3   |   0    |   0   |   0    |   0    |   0    |
|             cond-20              |   1    |    1     |  0   |    1     |  0   |   0   |  0   |   0    |   0   |   1    |   0    |   0    |
|             cond-21              |   1    |    1     |  0   |    1     |  0   |   0   |  0   |   0    |   0   |   1    |   0    |   0    |
|             cond-22              |   1    |    1     |  0   |    1     |  0   |   0   |  0   |   0    |   0   |   1    |   0    |   1    |
|             cond-23              |   1    |    1     |  0   |    1     |  0   |   0   |  0   |   0    |   0   |   1    |   0    |   0    |
|             cond-24              |   1    |    1     |  0   |    1     |  0   |   0   |  0   |   0    |   0   |   1    |   0    |   0    |
|            tbl_fwd_1             |   1    |    0     |  0   |    0     |  0   |   0   |  0   |   0    |   1   |   0    |   0    |   1    |
|            tbl_fwd_2             |   1    |    0     |  0   |    0     |  0   |   0   |  0   |   0    |   1   |   0    |   0    |   1    |
|            tbl_fwd_3             |   1    |    0     |  0   |    0     |  0   |   0   |  0   |   0    |   1   |   0    |   0    |   1    |
|            tbl_fwd_4             |   1    |    0     |  0   |    0     |  0   |   0   |  0   |   0    |   1   |   0    |   0    |   1    |
|        tbl_onebigvar1050         |   1    |    0     |  0   |    0     |  0   |   0   |  0   |   0    |   1   |   0    |   1    |   0    |
|    tbl_onebigvar1050-gateway     |   1    |    0     |  0   |    1     |  0   |   0   |  0   |   0    |   0   |   1    |   0    |   0    |
|        tbl_onebigvar1051         |   1    |    0     |  0   |    0     |  0   |   0   |  0   |   0    |   1   |   0    |   1    |   0    |
|    tbl_onebigvar1051-gateway     |   1    |    0     |  0   |    1     |  0   |   0   |  0   |   0    |   0   |   1    |   0    |   0    |
|        tbl_onebigvar1052         |   1    |    0     |  0   |    0     |  0   |   0   |  0   |   0    |   1   |   0    |   1    |   0    |
|    tbl_onebigvar1052-gateway     |   1    |    0     |  0   |    1     |  0   |   0   |  0   |   0    |   0   |   1    |   0    |   0    |
|        tbl_onebigvar1053         |   1    |    4     |  23  |    0     |  0   |   0   |  0   |   0    |   1   |   0    |   1    |   0    |
|    tbl_onebigvar1053-gateway     |   1    |    0     |  0   |    1     |  0   |   0   |  0   |   0    |   0   |   1    |   0    |   0    |
|         tbl_onebigvar857         |   1    |    0     |  0   |    0     |  0   |   0   |  0   |   0    |   1   |   0    |   1    |   0    |
|     tbl_onebigvar857-gateway     |   1    |    0     |  0   |    1     |  0   |   0   |  0   |   0    |   0   |   1    |   0    |   0    |
|         tbl_onebigvar858         |   1    |    0     |  0   |    0     |  0   |   0   |  0   |   0    |   1   |   0    |   1    |   0    |
|     tbl_onebigvar858-gateway     |   1    |    0     |  0   |    1     |  0   |   0   |  0   |   0    |   0   |   1    |   0    |   0    |
|         tbl_onebigvar859         |   1    |    0     |  0   |    0     |  0   |   0   |  0   |   0    |   1   |   0    |   1    |   0    |
|     tbl_onebigvar859-gateway     |   1    |    0     |  0   |    1     |  0   |   0   |  0   |   0    |   0   |   1    |   0    |   0    |
|         tbl_onebigvar860         |   1    |    0     |  0   |    0     |  0   |   0   |  0   |   0    |   1   |   0    |   1    |   0    |
|      tbl_send_to_controller      |   1    |    0     |  0   |    0     |  0   |   0   |  0   |   0    |   1   |   0    |   0    |   1    |
|     tbl_send_to_controller_0     |   1    |    0     |  0   |    0     |  0   |   0   |  0   |   0    |   1   |   0    |   0    |   1    |
| Ingress.vector_reg_1073938944_24 |   2    |    4     |  0   |    0     |  3   |   0   |  3   |   0    |   0   |   0    |   0    |   0    |
| Ingress.vector_reg_1073938944_25 |   2    |    4     |  0   |    0     |  3   |   0   |  3   |   0    |   0   |   0    |   0    |   0    |
| Ingress.vector_reg_1073938944_26 |   2    |    4     |  0   |    0     |  3   |   0   |  3   |   0    |   0   |   0    |   0    |   0    |
| Ingress.vector_reg_1073938944_27 |   2    |    4     |  0   |    0     |  3   |   0   |  3   |   0    |   0   |   0    |   0    |   0    |
|        tbl_onebigvar1046         |   2    |    0     |  0   |    0     |  0   |   0   |  0   |   0    |   1   |   0    |   1    |   0    |
|    tbl_onebigvar1046-gateway     |   2    |    0     |  0   |    1     |  0   |   0   |  0   |   0    |   0   |   1    |   0    |   0    |
|        tbl_onebigvar1047         |   2    |    0     |  0   |    0     |  0   |   0   |  0   |   0    |   1   |   0    |   1    |   0    |
|    tbl_onebigvar1047-gateway     |   2    |    0     |  0   |    1     |  0   |   0   |  0   |   0    |   0   |   1    |   0    |   0    |
|        tbl_onebigvar1048         |   2    |    0     |  0   |    0     |  0   |   0   |  0   |   0    |   1   |   0    |   1    |   0    |
|    tbl_onebigvar1048-gateway     |   2    |    0     |  0   |    1     |  0   |   0   |  0   |   0    |   0   |   1    |   0    |   0    |
|        tbl_onebigvar1049         |   2    |    0     |  0   |    0     |  0   |   0   |  0   |   0    |   1   |   0    |   1    |   0    |
|    tbl_onebigvar1049-gateway     |   2    |    0     |  0   |    1     |  0   |   0   |  0   |   0    |   0   |   1    |   0    |   0    |
|         tbl_onebigvar853         |   2    |    0     |  0   |    0     |  0   |   0   |  0   |   0    |   1   |   0    |   1    |   0    |
|     tbl_onebigvar853-gateway     |   2    |    0     |  0   |    1     |  0   |   0   |  0   |   0    |   0   |   1    |   0    |   0    |
|         tbl_onebigvar854         |   2    |    0     |  0   |    0     |  0   |   0   |  0   |   0    |   1   |   0    |   1    |   0    |
|     tbl_onebigvar854-gateway     |   2    |    0     |  0   |    1     |  0   |   0   |  0   |   0    |   0   |   1    |   0    |   0    |
|         tbl_onebigvar855         |   2    |    0     |  0   |    0     |  0   |   0   |  0   |   0    |   1   |   0    |   1    |   0    |
|     tbl_onebigvar855-gateway     |   2    |    0     |  0   |    1     |  0   |   0   |  0   |   0    |   0   |   1    |   0    |   0    |
|         tbl_onebigvar856         |   2    |    4     |  23  |    0     |  0   |   0   |  0   |   0    |   1   |   0    |   1    |   0    |
|     tbl_onebigvar856-gateway     |   2    |    0     |  0   |    1     |  0   |   0   |  0   |   0    |   0   |   1    |   0    |   0    |
| Ingress.vector_reg_1073938944_20 |   3    |    4     |  0   |    0     |  3   |   0   |  3   |   0    |   0   |   0    |   0    |   0    |
| Ingress.vector_reg_1073938944_21 |   3    |    4     |  0   |    0     |  3   |   0   |  3   |   0    |   0   |   0    |   0    |   0    |
| Ingress.vector_reg_1073938944_22 |   3    |    4     |  0   |    0     |  3   |   0   |  3   |   0    |   0   |   0    |   0    |   0    |
| Ingress.vector_reg_1073938944_23 |   3    |    4     |  0   |    0     |  3   |   0   |  3   |   0    |   0   |   0    |   0    |   0    |
|        tbl_onebigvar1042         |   3    |    0     |  0   |    0     |  0   |   0   |  0   |   0    |   1   |   0    |   1    |   0    |
|    tbl_onebigvar1042-gateway     |   3    |    0     |  0   |    1     |  0   |   0   |  0   |   0    |   0   |   1    |   0    |   0    |
|        tbl_onebigvar1043         |   3    |    0     |  0   |    0     |  0   |   0   |  0   |   0    |   1   |   0    |   1    |   0    |
|    tbl_onebigvar1043-gateway     |   3    |    0     |  0   |    1     |  0   |   0   |  0   |   0    |   0   |   1    |   0    |   0    |
|        tbl_onebigvar1044         |   3    |    0     |  0   |    0     |  0   |   0   |  0   |   0    |   1   |   0    |   1    |   0    |
|    tbl_onebigvar1044-gateway     |   3    |    0     |  0   |    1     |  0   |   0   |  0   |   0    |   0   |   1    |   0    |   0    |
|        tbl_onebigvar1045         |   3    |    0     |  0   |    0     |  0   |   0   |  0   |   0    |   1   |   0    |   1    |   0    |
|    tbl_onebigvar1045-gateway     |   3    |    0     |  0   |    1     |  0   |   0   |  0   |   0    |   0   |   1    |   0    |   0    |
|         tbl_onebigvar849         |   3    |    0     |  0   |    0     |  0   |   0   |  0   |   0    |   1   |   0    |   1    |   0    |
|     tbl_onebigvar849-gateway     |   3    |    0     |  0   |    1     |  0   |   0   |  0   |   0    |   0   |   1    |   0    |   0    |
|         tbl_onebigvar850         |   3    |    0     |  0   |    0     |  0   |   0   |  0   |   0    |   1   |   0    |   1    |   0    |
|     tbl_onebigvar850-gateway     |   3    |    0     |  0   |    1     |  0   |   0   |  0   |   0    |   0   |   1    |   0    |   0    |
|         tbl_onebigvar851         |   3    |    0     |  0   |    0     |  0   |   0   |  0   |   0    |   1   |   0    |   1    |   0    |
|     tbl_onebigvar851-gateway     |   3    |    0     |  0   |    1     |  0   |   0   |  0   |   0    |   0   |   1    |   0    |   0    |
|         tbl_onebigvar852         |   3    |    4     |  23  |    0     |  0   |   0   |  0   |   0    |   1   |   0    |   1    |   0    |
|     tbl_onebigvar852-gateway     |   3    |    0     |  0   |    1     |  0   |   0   |  0   |   0    |   0   |   1    |   0    |   0    |
| Ingress.vector_reg_1073938944_16 |   4    |    4     |  0   |    0     |  3   |   0   |  3   |   0    |   0   |   0    |   0    |   0    |
| Ingress.vector_reg_1073938944_17 |   4    |    4     |  0   |    0     |  3   |   0   |  3   |   0    |   0   |   0    |   0    |   0    |
| Ingress.vector_reg_1073938944_18 |   4    |    4     |  0   |    0     |  3   |   0   |  3   |   0    |   0   |   0    |   0    |   0    |
| Ingress.vector_reg_1073938944_19 |   4    |    4     |  0   |    0     |  3   |   0   |  3   |   0    |   0   |   0    |   0    |   0    |
|        tbl_onebigvar1038         |   4    |    0     |  0   |    0     |  0   |   0   |  0   |   0    |   1   |   0    |   1    |   0    |
|    tbl_onebigvar1038-gateway     |   4    |    0     |  0   |    1     |  0   |   0   |  0   |   0    |   0   |   1    |   0    |   0    |
|        tbl_onebigvar1039         |   4    |    0     |  0   |    0     |  0   |   0   |  0   |   0    |   1   |   0    |   1    |   0    |
|    tbl_onebigvar1039-gateway     |   4    |    0     |  0   |    1     |  0   |   0   |  0   |   0    |   0   |   1    |   0    |   0    |
|        tbl_onebigvar1040         |   4    |    0     |  0   |    0     |  0   |   0   |  0   |   0    |   1   |   0    |   1    |   0    |
|    tbl_onebigvar1040-gateway     |   4    |    0     |  0   |    1     |  0   |   0   |  0   |   0    |   0   |   1    |   0    |   0    |
|        tbl_onebigvar1041         |   4    |    0     |  0   |    0     |  0   |   0   |  0   |   0    |   1   |   0    |   1    |   0    |
|    tbl_onebigvar1041-gateway     |   4    |    0     |  0   |    1     |  0   |   0   |  0   |   0    |   0   |   1    |   0    |   0    |
|         tbl_onebigvar845         |   4    |    0     |  0   |    0     |  0   |   0   |  0   |   0    |   1   |   0    |   1    |   0    |
|     tbl_onebigvar845-gateway     |   4    |    0     |  0   |    1     |  0   |   0   |  0   |   0    |   0   |   1    |   0    |   0    |
|         tbl_onebigvar846         |   4    |    0     |  0   |    0     |  0   |   0   |  0   |   0    |   1   |   0    |   1    |   0    |
|     tbl_onebigvar846-gateway     |   4    |    0     |  0   |    1     |  0   |   0   |  0   |   0    |   0   |   1    |   0    |   0    |
|         tbl_onebigvar847         |   4    |    0     |  0   |    0     |  0   |   0   |  0   |   0    |   1   |   0    |   1    |   0    |
|     tbl_onebigvar847-gateway     |   4    |    0     |  0   |    1     |  0   |   0   |  0   |   0    |   0   |   1    |   0    |   0    |
|         tbl_onebigvar848         |   4    |    4     |  23  |    0     |  0   |   0   |  0   |   0    |   1   |   0    |   1    |   0    |
|     tbl_onebigvar848-gateway     |   4    |    0     |  0   |    1     |  0   |   0   |  0   |   0    |   0   |   1    |   0    |   0    |
| Ingress.vector_reg_1073938944_12 |   5    |    4     |  0   |    0     |  3   |   0   |  3   |   0    |   0   |   0    |   0    |   0    |
| Ingress.vector_reg_1073938944_13 |   5    |    4     |  0   |    0     |  3   |   0   |  3   |   0    |   0   |   0    |   0    |   0    |
| Ingress.vector_reg_1073938944_14 |   5    |    4     |  0   |    0     |  3   |   0   |  3   |   0    |   0   |   0    |   0    |   0    |
| Ingress.vector_reg_1073938944_15 |   5    |    4     |  0   |    0     |  3   |   0   |  3   |   0    |   0   |   0    |   0    |   0    |
|        tbl_onebigvar1034         |   5    |    0     |  0   |    0     |  0   |   0   |  0   |   0    |   1   |   0    |   1    |   0    |
|    tbl_onebigvar1034-gateway     |   5    |    0     |  0   |    1     |  0   |   0   |  0   |   0    |   0   |   1    |   0    |   0    |
|        tbl_onebigvar1035         |   5    |    0     |  0   |    0     |  0   |   0   |  0   |   0    |   1   |   0    |   1    |   0    |
|    tbl_onebigvar1035-gateway     |   5    |    0     |  0   |    1     |  0   |   0   |  0   |   0    |   0   |   1    |   0    |   0    |
|        tbl_onebigvar1036         |   5    |    0     |  0   |    0     |  0   |   0   |  0   |   0    |   1   |   0    |   1    |   0    |
|    tbl_onebigvar1036-gateway     |   5    |    0     |  0   |    1     |  0   |   0   |  0   |   0    |   0   |   1    |   0    |   0    |
|        tbl_onebigvar1037         |   5    |    0     |  0   |    0     |  0   |   0   |  0   |   0    |   1   |   0    |   1    |   0    |
|    tbl_onebigvar1037-gateway     |   5    |    0     |  0   |    1     |  0   |   0   |  0   |   0    |   0   |   1    |   0    |   0    |
|         tbl_onebigvar841         |   5    |    0     |  0   |    0     |  0   |   0   |  0   |   0    |   1   |   0    |   1    |   0    |
|     tbl_onebigvar841-gateway     |   5    |    0     |  0   |    1     |  0   |   0   |  0   |   0    |   0   |   1    |   0    |   0    |
|         tbl_onebigvar842         |   5    |    0     |  0   |    0     |  0   |   0   |  0   |   0    |   1   |   0    |   1    |   0    |
|     tbl_onebigvar842-gateway     |   5    |    0     |  0   |    1     |  0   |   0   |  0   |   0    |   0   |   1    |   0    |   0    |
|         tbl_onebigvar843         |   5    |    0     |  0   |    0     |  0   |   0   |  0   |   0    |   1   |   0    |   1    |   0    |
|     tbl_onebigvar843-gateway     |   5    |    0     |  0   |    1     |  0   |   0   |  0   |   0    |   0   |   1    |   0    |   0    |
|         tbl_onebigvar844         |   5    |    4     |  23  |    0     |  0   |   0   |  0   |   0    |   1   |   0    |   1    |   0    |
|     tbl_onebigvar844-gateway     |   5    |    0     |  0   |    1     |  0   |   0   |  0   |   0    |   0   |   1    |   0    |   0    |
| Ingress.vector_reg_1073938944_10 |   6    |    4     |  0   |    0     |  3   |   0   |  3   |   0    |   0   |   0    |   0    |   0    |
| Ingress.vector_reg_1073938944_11 |   6    |    4     |  0   |    0     |  3   |   0   |  3   |   0    |   0   |   0    |   0    |   0    |
| Ingress.vector_reg_1073938944_8  |   6    |    4     |  0   |    0     |  3   |   0   |  3   |   0    |   0   |   0    |   0    |   0    |
| Ingress.vector_reg_1073938944_9  |   6    |    4     |  0   |    0     |  3   |   0   |  3   |   0    |   0   |   0    |   0    |   0    |
|        tbl_onebigvar1030         |   6    |    0     |  0   |    0     |  0   |   0   |  0   |   0    |   1   |   0    |   1    |   0    |
|    tbl_onebigvar1030-gateway     |   6    |    0     |  0   |    1     |  0   |   0   |  0   |   0    |   0   |   1    |   0    |   0    |
|        tbl_onebigvar1031         |   6    |    0     |  0   |    0     |  0   |   0   |  0   |   0    |   1   |   0    |   1    |   0    |
|    tbl_onebigvar1031-gateway     |   6    |    0     |  0   |    1     |  0   |   0   |  0   |   0    |   0   |   1    |   0    |   0    |
|        tbl_onebigvar1032         |   6    |    0     |  0   |    0     |  0   |   0   |  0   |   0    |   1   |   0    |   1    |   0    |
|    tbl_onebigvar1032-gateway     |   6    |    0     |  0   |    1     |  0   |   0   |  0   |   0    |   0   |   1    |   0    |   0    |
|        tbl_onebigvar1033         |   6    |    0     |  0   |    0     |  0   |   0   |  0   |   0    |   1   |   0    |   1    |   0    |
|    tbl_onebigvar1033-gateway     |   6    |    0     |  0   |    1     |  0   |   0   |  0   |   0    |   0   |   1    |   0    |   0    |
|         tbl_onebigvar837         |   6    |    0     |  0   |    0     |  0   |   0   |  0   |   0    |   1   |   0    |   1    |   0    |
|     tbl_onebigvar837-gateway     |   6    |    0     |  0   |    1     |  0   |   0   |  0   |   0    |   0   |   1    |   0    |   0    |
|         tbl_onebigvar838         |   6    |    0     |  0   |    0     |  0   |   0   |  0   |   0    |   1   |   0    |   1    |   0    |
|     tbl_onebigvar838-gateway     |   6    |    0     |  0   |    1     |  0   |   0   |  0   |   0    |   0   |   1    |   0    |   0    |
|         tbl_onebigvar839         |   6    |    0     |  0   |    0     |  0   |   0   |  0   |   0    |   1   |   0    |   1    |   0    |
|     tbl_onebigvar839-gateway     |   6    |    0     |  0   |    1     |  0   |   0   |  0   |   0    |   0   |   1    |   0    |   0    |
|         tbl_onebigvar840         |   6    |    4     |  23  |    0     |  0   |   0   |  0   |   0    |   1   |   0    |   1    |   0    |
|     tbl_onebigvar840-gateway     |   6    |    0     |  0   |    1     |  0   |   0   |  0   |   0    |   0   |   1    |   0    |   0    |
| Ingress.vector_reg_1073938944_4  |   7    |    4     |  0   |    0     |  3   |   0   |  3   |   0    |   0   |   0    |   0    |   0    |
| Ingress.vector_reg_1073938944_5  |   7    |    4     |  0   |    0     |  3   |   0   |  3   |   0    |   0   |   0    |   0    |   0    |
| Ingress.vector_reg_1073938944_6  |   7    |    4     |  0   |    0     |  3   |   0   |  3   |   0    |   0   |   0    |   0    |   0    |
| Ingress.vector_reg_1073938944_7  |   7    |    4     |  0   |    0     |  3   |   0   |  3   |   0    |   0   |   0    |   0    |   0    |
|        tbl_onebigvar1026         |   7    |    0     |  0   |    0     |  0   |   0   |  0   |   0    |   1   |   0    |   1    |   0    |
|    tbl_onebigvar1026-gateway     |   7    |    0     |  0   |    1     |  0   |   0   |  0   |   0    |   0   |   1    |   0    |   0    |
|        tbl_onebigvar1027         |   7    |    0     |  0   |    0     |  0   |   0   |  0   |   0    |   1   |   0    |   1    |   0    |
|    tbl_onebigvar1027-gateway     |   7    |    0     |  0   |    1     |  0   |   0   |  0   |   0    |   0   |   1    |   0    |   0    |
|        tbl_onebigvar1028         |   7    |    0     |  0   |    0     |  0   |   0   |  0   |   0    |   1   |   0    |   1    |   0    |
|    tbl_onebigvar1028-gateway     |   7    |    0     |  0   |    1     |  0   |   0   |  0   |   0    |   0   |   1    |   0    |   0    |
|        tbl_onebigvar1029         |   7    |    0     |  0   |    0     |  0   |   0   |  0   |   0    |   1   |   0    |   1    |   0    |
|    tbl_onebigvar1029-gateway     |   7    |    0     |  0   |    1     |  0   |   0   |  0   |   0    |   0   |   1    |   0    |   0    |
|         tbl_onebigvar833         |   7    |    0     |  0   |    0     |  0   |   0   |  0   |   0    |   1   |   0    |   1    |   0    |
|     tbl_onebigvar833-gateway     |   7    |    0     |  0   |    1     |  0   |   0   |  0   |   0    |   0   |   1    |   0    |   0    |
|         tbl_onebigvar834         |   7    |    0     |  0   |    0     |  0   |   0   |  0   |   0    |   1   |   0    |   1    |   0    |
|     tbl_onebigvar834-gateway     |   7    |    0     |  0   |    1     |  0   |   0   |  0   |   0    |   0   |   1    |   0    |   0    |
|         tbl_onebigvar835         |   7    |    0     |  0   |    0     |  0   |   0   |  0   |   0    |   1   |   0    |   1    |   0    |
|     tbl_onebigvar835-gateway     |   7    |    0     |  0   |    1     |  0   |   0   |  0   |   0    |   0   |   1    |   0    |   0    |
|         tbl_onebigvar836         |   7    |    4     |  23  |    0     |  0   |   0   |  0   |   0    |   1   |   0    |   1    |   0    |
|     tbl_onebigvar836-gateway     |   7    |    0     |  0   |    1     |  0   |   0   |  0   |   0    |   0   |   1    |   0    |   0    |
| Ingress.vector_reg_1073938944_0  |   8    |    4     |  0   |    0     |  3   |   0   |  3   |   0    |   0   |   0    |   0    |   0    |
| Ingress.vector_reg_1073938944_1  |   8    |    4     |  0   |    0     |  3   |   0   |  3   |   0    |   0   |   0    |   0    |   0    |
| Ingress.vector_reg_1073938944_2  |   8    |    4     |  0   |    0     |  3   |   0   |  3   |   0    |   0   |   0    |   0    |   0    |
| Ingress.vector_reg_1073938944_3  |   8    |    4     |  0   |    0     |  3   |   0   |  3   |   0    |   0   |   0    |   0    |   0    |
|        tbl_onebigvar1022         |   8    |    0     |  0   |    0     |  0   |   0   |  0   |   0    |   1   |   0    |   1    |   0    |
|    tbl_onebigvar1022-gateway     |   8    |    0     |  0   |    1     |  0   |   0   |  0   |   0    |   0   |   1    |   0    |   0    |
|        tbl_onebigvar1023         |   8    |    0     |  0   |    0     |  0   |   0   |  0   |   0    |   1   |   0    |   1    |   0    |
|    tbl_onebigvar1023-gateway     |   8    |    0     |  0   |    1     |  0   |   0   |  0   |   0    |   0   |   1    |   0    |   0    |
|        tbl_onebigvar1024         |   8    |    0     |  0   |    0     |  0   |   0   |  0   |   0    |   1   |   0    |   1    |   0    |
|    tbl_onebigvar1024-gateway     |   8    |    0     |  0   |    1     |  0   |   0   |  0   |   0    |   0   |   1    |   0    |   0    |
|        tbl_onebigvar1025         |   8    |    0     |  0   |    0     |  0   |   0   |  0   |   0    |   1   |   0    |   1    |   0    |
|    tbl_onebigvar1025-gateway     |   8    |    0     |  0   |    1     |  0   |   0   |  0   |   0    |   0   |   1    |   0    |   0    |
|         tbl_onebigvar829         |   8    |    0     |  0   |    0     |  0   |   0   |  0   |   0    |   1   |   0    |   1    |   0    |
|     tbl_onebigvar829-gateway     |   8    |    0     |  0   |    1     |  0   |   0   |  0   |   0    |   0   |   1    |   0    |   0    |
|         tbl_onebigvar830         |   8    |    0     |  0   |    0     |  0   |   0   |  0   |   0    |   1   |   0    |   1    |   0    |
|     tbl_onebigvar830-gateway     |   8    |    0     |  0   |    1     |  0   |   0   |  0   |   0    |   0   |   1    |   0    |   0    |
|         tbl_onebigvar831         |   8    |    0     |  0   |    0     |  0   |   0   |  0   |   0    |   1   |   0    |   1    |   0    |
|     tbl_onebigvar831-gateway     |   8    |    0     |  0   |    1     |  0   |   0   |  0   |   0    |   0   |   1    |   0    |   0    |
|         tbl_onebigvar832         |   8    |    4     |  23  |    0     |  0   |   0   |  0   |   0    |   1   |   0    |   1    |   0    |
|     tbl_onebigvar832-gateway     |   8    |    0     |  0   |    1     |  0   |   0   |  0   |   0    |   0   |   1    |   0    |   0    |
---------------------------------------------------------------------------------------------------------------------------------------------

