+---------------------------------------------------------------------+
|  Log file: mau.resources.log                                        |
|  Compiler version: 9.13.4                                           |
|  Created on: Mon Mar 24 10:00:48 2025                               |
|  Run ID: d9d87153a0d24cba                                           |
+---------------------------------------------------------------------+


---------------------------------------------------------------------------------------------------------------------------------------------------------------------------------------------------------------------------------------------------------------------------------------------------------------------------------------------------------------
| Stage Number | Exact Match Input xbar | Ternary Match Input xbar | Hash Bit | Hash Dist Unit | Gateway | SRAM | Map RAM | TCAM | VLIW Instr | Meter ALU | Stats ALU | Stash | Exact Match Search Bus | Exact Match Result Bus | Tind Result Bus | Action Data Bus Bytes | 8-bit Action Slots | 16-bit Action Slots | 32-bit Action Slots | Logical TableID |
---------------------------------------------------------------------------------------------------------------------------------------------------------------------------------------------------------------------------------------------------------------------------------------------------------------------------------------------------------------
|      0       |           19           |            0             |    54    |       0        |    1    |  11  |    0    |  0   |     3      |     0     |     0     |   0   |           2            |           2            |        4        |           4           |         0          |          0          |          0          |        6        |
|      1       |           2            |            0             |    0     |       0        |    2    |  2   |    2    |  0   |     2      |     1     |     0     |   0   |           2            |           0            |        3        |           1           |         0          |          0          |          0          |        3        |
|      2       |           58           |            5             |    68    |       5        |    14   |  13  |    12   |  2   |     6      |     4     |     0     |   0   |           9            |           12           |        3        |           30          |         0          |          0          |          0          |        15       |
|      3       |           8            |            0             |    52    |       4        |    4    |  8   |    8    |  0   |     3      |     4     |     0     |   0   |           2            |           4            |        0        |           16          |         0          |          0          |          0          |        4        |
|      4       |           22           |            0             |    16    |       1        |    8    |  12  |    12   |  0   |     3      |     4     |     0     |   0   |           4            |           8            |        1        |           16          |         0          |          0          |          0          |        9        |
|      5       |           22           |            0             |    16    |       1        |    8    |  12  |    12   |  0   |     3      |     4     |     0     |   0   |           4            |           8            |        1        |           16          |         0          |          0          |          0          |        9        |
|      6       |           22           |            0             |    16    |       1        |    8    |  12  |    12   |  0   |     3      |     4     |     0     |   0   |           4            |           8            |        1        |           16          |         0          |          0          |          0          |        9        |
|      7       |           40           |            0             |    55    |       4        |    11   |  12  |    12   |  0   |     4      |     4     |     0     |   0   |           6            |           11           |        1        |           24          |         0          |          0          |          0          |        11       |
|      8       |           13           |            0             |    55    |       4        |    5    |  9   |    9    |  0   |     3      |     4     |     0     |   0   |           3            |           5            |        0        |           13          |         0          |          0          |          0          |        5        |
|      9       |           25           |            0             |    16    |       1        |    9    |  12  |    12   |  0   |     3      |     4     |     0     |   0   |           5            |           8            |        1        |           16          |         0          |          0          |          0          |        9        |
|      10      |           23           |            0             |    16    |       1        |    9    |  12  |    12   |  0   |     3      |     4     |     0     |   0   |           5            |           8            |        1        |           17          |         0          |          0          |          0          |        9        |
|      11      |           17           |            0             |    16    |       1        |    7    |  12  |    12   |  0   |     2      |     4     |     0     |   0   |           4            |           7            |        0        |           12          |         0          |          0          |          0          |        7        |
|      12      |           0            |            0             |    0     |       0        |    0    |  0   |    0    |  0   |     1      |     0     |     0     |   0   |           0            |           0            |        1        |           0           |         0          |          0          |          0          |        1        |
|      13      |           0            |            0             |    0     |       0        |    0    |  0   |    0    |  0   |     1      |     0     |     0     |   0   |           0            |           0            |        1        |           0           |         0          |          0          |          0          |        1        |
|      14      |           0            |            0             |    0     |       0        |    0    |  0   |    0    |  0   |     0      |     0     |     0     |   0   |           0            |           0            |        0        |           0           |         0          |          0          |          0          |        0        |
|      15      |           0            |            0             |    0     |       0        |    0    |  0   |    0    |  0   |     0      |     0     |     0     |   0   |           0            |           0            |        0        |           0           |         0          |          0          |          0          |        0        |
|      16      |           0            |            0             |    0     |       0        |    0    |  0   |    0    |  0   |     0      |     0     |     0     |   0   |           0            |           0            |        0        |           0           |         0          |          0          |          0          |        0        |
|      17      |           0            |            0             |    0     |       0        |    0    |  0   |    0    |  0   |     0      |     0     |     0     |   0   |           0            |           0            |        0        |           0           |         0          |          0          |          0          |        0        |
|      18      |           0            |            0             |    0     |       0        |    0    |  0   |    0    |  0   |     0      |     0     |     0     |   0   |           0            |           0            |        0        |           0           |         0          |          0          |          0          |        0        |
|      19      |           0            |            0             |    0     |       0        |    0    |  0   |    0    |  0   |     0      |     0     |     0     |   0   |           0            |           0            |        0        |           0           |         0          |          0          |          0          |        0        |
|              |                        |                          |          |                |         |      |         |      |            |           |           |       |                        |                        |                 |                       |                    |                     |                     |                 |
|    Totals    |          271           |            5             |   380    |       23       |    86   | 127  |   115   |  2   |     40     |     41    |     0     |   0   |           50           |           81           |        18       |          181          |         0          |          0          |          0          |        98       |
---------------------------------------------------------------------------------------------------------------------------------------------------------------------------------------------------------------------------------------------------------------------------------------------------------------------------------------------------------------


------------------------------------------------------------------------------------------------------------------------------------------------------------------------------------------------------------------------------------------------------------------------------------------------------------------------------------------------------------------
| Stage Number | Exact Match Input xbar | Ternary Match Input xbar | Hash Bit | Hash Dist Unit | Gateway |  SRAM  | Map RAM |  TCAM | VLIW Instr | Meter ALU | Stats ALU | Stash | Exact Match Search Bus | Exact Match Result Bus | Tind Result Bus | Action Data Bus Bytes | 8-bit Action Slots | 16-bit Action Slots | 32-bit Action Slots | Logical TableID |
------------------------------------------------------------------------------------------------------------------------------------------------------------------------------------------------------------------------------------------------------------------------------------------------------------------------------------------------------------------
|      0       |         14.84%         |          0.00%           |  12.98%  |     0.00%      |  6.25%  | 13.75% |  0.00%  | 0.00% |   9.38%    |   0.00%   |   0.00%   | 0.00% |         12.50%         |         12.50%         |      25.00%     |         3.12%         |       0.00%        |        0.00%        |        0.00%        |      37.50%     |
|      1       |         1.56%          |          0.00%           |  0.00%   |     0.00%      |  12.50% | 2.50%  |  4.17%  | 0.00% |   6.25%    |   25.00%  |   0.00%   | 0.00% |         12.50%         |         0.00%          |      18.75%     |         0.78%         |       0.00%        |        0.00%        |        0.00%        |      18.75%     |
|      2       |         45.31%         |          7.58%           |  16.35%  |     83.33%     |  87.50% | 16.25% |  25.00% | 8.33% |   18.75%   |  100.00%  |   0.00%   | 0.00% |         56.25%         |         75.00%         |      18.75%     |         23.44%        |       0.00%        |        0.00%        |        0.00%        |      93.75%     |
|      3       |         6.25%          |          0.00%           |  12.50%  |     66.67%     |  25.00% | 10.00% |  16.67% | 0.00% |   9.38%    |  100.00%  |   0.00%   | 0.00% |         12.50%         |         25.00%         |      0.00%      |         12.50%        |       0.00%        |        0.00%        |        0.00%        |      25.00%     |
|      4       |         17.19%         |          0.00%           |  3.85%   |     16.67%     |  50.00% | 15.00% |  25.00% | 0.00% |   9.38%    |  100.00%  |   0.00%   | 0.00% |         25.00%         |         50.00%         |      6.25%      |         12.50%        |       0.00%        |        0.00%        |        0.00%        |      56.25%     |
|      5       |         17.19%         |          0.00%           |  3.85%   |     16.67%     |  50.00% | 15.00% |  25.00% | 0.00% |   9.38%    |  100.00%  |   0.00%   | 0.00% |         25.00%         |         50.00%         |      6.25%      |         12.50%        |       0.00%        |        0.00%        |        0.00%        |      56.25%     |
|      6       |         17.19%         |          0.00%           |  3.85%   |     16.67%     |  50.00% | 15.00% |  25.00% | 0.00% |   9.38%    |  100.00%  |   0.00%   | 0.00% |         25.00%         |         50.00%         |      6.25%      |         12.50%        |       0.00%        |        0.00%        |        0.00%        |      56.25%     |
|      7       |         31.25%         |          0.00%           |  13.22%  |     66.67%     |  68.75% | 15.00% |  25.00% | 0.00% |   12.50%   |  100.00%  |   0.00%   | 0.00% |         37.50%         |         68.75%         |      6.25%      |         18.75%        |       0.00%        |        0.00%        |        0.00%        |      68.75%     |
|      8       |         10.16%         |          0.00%           |  13.22%  |     66.67%     |  31.25% | 11.25% |  18.75% | 0.00% |   9.38%    |  100.00%  |   0.00%   | 0.00% |         18.75%         |         31.25%         |      0.00%      |         10.16%        |       0.00%        |        0.00%        |        0.00%        |      31.25%     |
|      9       |         19.53%         |          0.00%           |  3.85%   |     16.67%     |  56.25% | 15.00% |  25.00% | 0.00% |   9.38%    |  100.00%  |   0.00%   | 0.00% |         31.25%         |         50.00%         |      6.25%      |         12.50%        |       0.00%        |        0.00%        |        0.00%        |      56.25%     |
|      10      |         17.97%         |          0.00%           |  3.85%   |     16.67%     |  56.25% | 15.00% |  25.00% | 0.00% |   9.38%    |  100.00%  |   0.00%   | 0.00% |         31.25%         |         50.00%         |      6.25%      |         13.28%        |       0.00%        |        0.00%        |        0.00%        |      56.25%     |
|      11      |         13.28%         |          0.00%           |  3.85%   |     16.67%     |  43.75% | 15.00% |  25.00% | 0.00% |   6.25%    |  100.00%  |   0.00%   | 0.00% |         25.00%         |         43.75%         |      0.00%      |         9.38%         |       0.00%        |        0.00%        |        0.00%        |      43.75%     |
|      12      |         0.00%          |          0.00%           |  0.00%   |     0.00%      |  0.00%  | 0.00%  |  0.00%  | 0.00% |   3.12%    |   0.00%   |   0.00%   | 0.00% |         0.00%          |         0.00%          |      6.25%      |         0.00%         |       0.00%        |        0.00%        |        0.00%        |      6.25%      |
|      13      |         0.00%          |          0.00%           |  0.00%   |     0.00%      |  0.00%  | 0.00%  |  0.00%  | 0.00% |   3.12%    |   0.00%   |   0.00%   | 0.00% |         0.00%          |         0.00%          |      6.25%      |         0.00%         |       0.00%        |        0.00%        |        0.00%        |      6.25%      |
|      14      |         0.00%          |          0.00%           |  0.00%   |     0.00%      |  0.00%  | 0.00%  |  0.00%  | 0.00% |   0.00%    |   0.00%   |   0.00%   | 0.00% |         0.00%          |         0.00%          |      0.00%      |         0.00%         |       0.00%        |        0.00%        |        0.00%        |      0.00%      |
|      15      |         0.00%          |          0.00%           |  0.00%   |     0.00%      |  0.00%  | 0.00%  |  0.00%  | 0.00% |   0.00%    |   0.00%   |   0.00%   | 0.00% |         0.00%          |         0.00%          |      0.00%      |         0.00%         |       0.00%        |        0.00%        |        0.00%        |      0.00%      |
|      16      |         0.00%          |          0.00%           |  0.00%   |     0.00%      |  0.00%  | 0.00%  |  0.00%  | 0.00% |   0.00%    |   0.00%   |   0.00%   | 0.00% |         0.00%          |         0.00%          |      0.00%      |         0.00%         |       0.00%        |        0.00%        |        0.00%        |      0.00%      |
|      17      |         0.00%          |          0.00%           |  0.00%   |     0.00%      |  0.00%  | 0.00%  |  0.00%  | 0.00% |   0.00%    |   0.00%   |   0.00%   | 0.00% |         0.00%          |         0.00%          |      0.00%      |         0.00%         |       0.00%        |        0.00%        |        0.00%        |      0.00%      |
|      18      |         0.00%          |          0.00%           |  0.00%   |     0.00%      |  0.00%  | 0.00%  |  0.00%  | 0.00% |   0.00%    |   0.00%   |   0.00%   | 0.00% |         0.00%          |         0.00%          |      0.00%      |         0.00%         |       0.00%        |        0.00%        |        0.00%        |      0.00%      |
|      19      |         0.00%          |          0.00%           |  0.00%   |     0.00%      |  0.00%  | 0.00%  |  0.00%  | 0.00% |   0.00%    |   0.00%   |   0.00%   | 0.00% |         0.00%          |         0.00%          |      0.00%      |         0.00%         |       0.00%        |        0.00%        |        0.00%        |      0.00%      |
|              |                        |                          |          |                |         |        |         |       |            |           |           |       |                        |                        |                 |                       |                    |                     |                     |                 |
|   Average    |         15.12%         |          0.54%           |  6.52%   |     27.38%     |  38.39% | 11.34% |  17.11% | 0.60% |   8.93%    |   73.21%  |   0.00%   | 0.00% |         22.32%         |         36.16%         |      8.04%      |         10.10%        |       0.00%        |        0.00%        |        0.00%        |      43.75%     |
------------------------------------------------------------------------------------------------------------------------------------------------------------------------------------------------------------------------------------------------------------------------------------------------------------------------------------------------------------------


Allocated Resource Usage
------------------------------------------------------------------------------------------------------------------------------------------------
|                Table                | Stage  | Crossbar | Hash | Gateways | RAMs | TCAMs | Map  | Action |  VLIW |  Exm   |  Exm   |  Tind  |
|                 Name                | Number |  Bytes   | Bits |          |      |       | RAMs |  Data  | Slots | Search | Result | Result |
|                                     |        |          |      |          |      |       |      |  Bus   |       |  Bus   |  Bus   |  Bus   |
|                                     |        |          |      |          |      |       |      | Bytes  |       |        |        |        |
------------------------------------------------------------------------------------------------------------------------------------------------
|  SwitchIngressParser.$PORT_METADATA |   -1   |    0     |  0   |    0     |  0   |   0   |  0   |   0    |   0   |   0    |   0    |   0    |
|    SwitchIngress.is_client_packet   |   0    |    2     |  10  |    0     |  1   |   0   |  0   |   0    |   2   |   1    |   1    |   0    |
|          SwitchIngress.keys         |   0    |    16    |  44  |    0     |  8   |   0   |  0   |   4    |   2   |   1    |   1    |   0    |
|      SwitchIngress.keys$action      |   0    |    0     |  0   |    0     |  2   |   0   |  0   |   0    |   0   |   0    |   0    |   0    |
|               cond-20               |   0    |    1     |  0   |    1     |  0   |   0   |  0   |   0    |   0   |   1    |   0    |   0    |
|               tbl_act               |   0    |    0     |  0   |    0     |  0   |   0   |  0   |   0    |   1   |   0    |   0    |   1    |
|           tbl_netcache260           |   0    |    0     |  0   |    0     |  0   |   0   |  0   |   0    |   1   |   0    |   0    |   1    |
|           tbl_netcache392           |   0    |    0     |  0   |    0     |  0   |   0   |  0   |   0    |   1   |   0    |   0    |   1    |
|          tbl_set_normal_pkt         |   0    |    0     |  0   |    0     |  0   |   0   |  0   |   0    |   1   |   0    |   0    |   1    |
|       SwitchIngress.reg_sampl       |   1    |    0     |  0   |    0     |  2   |   0   |  2   |   0    |   0   |   0    |   0    |   0    |
|               cond-11               |   1    |    1     |  0   |    1     |  0   |   0   |  0   |   0    |   0   |   1    |   0    |   0    |
|               cond-14               |   1    |    1     |  0   |    1     |  0   |   0   |  0   |   0    |   0   |   1    |   0    |   0    |
|           tbl_netcache261           |   1    |    0     |  0   |    0     |  0   |   0   |  0   |   0    |   1   |   0    |   0    |   1    |
|           tbl_netcache267           |   1    |    0     |  0   |    0     |  0   |   0   |  0   |   0    |   1   |   0    |   0    |   1    |
|           tbl_sampl_check           |   1    |    0     |  0   |    0     |  0   |   0   |  0   |   1    |   1   |   0    |   0    |   1    |
|          SwitchIngress.fwd          |   2    |    5     |  0   |    0     |  0   |   2   |  0   |   2    |   2   |   0    |   0    |   0    |
|       SwitchIngress.fwd$action      |   2    |    0     |  0   |    0     |  1   |   0   |  0   |   0    |   0   |   0    |   0    |   0    |
|       SwitchIngress.reg_v0_31       |   2    |    5     |  0   |    0     |  3   |   0   |  3   |   0    |   0   |   0    |   0    |   0    |
|      SwitchIngress.reg_v928_959     |   2    |    5     |  0   |    0     |  3   |   0   |  3   |   0    |   0   |   0    |   0    |   0    |
|      SwitchIngress.reg_v960_991     |   2    |    5     |  0   |    0     |  3   |   0   |  3   |   0    |   0   |   0    |   0    |   0    |
|     SwitchIngress.reg_v992_1023     |   2    |    5     |  0   |    0     |  3   |   0   |  3   |   0    |   0   |   0    |   0    |   0    |
|               cond-12               |   2    |    2     |  0   |    1     |  0   |   0   |  0   |   0    |   0   |   1    |   0    |   0    |
|               cond-13               |   2    |    1     |  0   |    1     |  0   |   0   |  0   |   0    |   0   |   1    |   0    |   1    |
|               cond-15               |   2    |    1     |  0   |    1     |  0   |   0   |  0   |   0    |   0   |   1    |   0    |   0    |
|               cond-16               |   2    |    1     |  0   |    1     |  0   |   0   |  0   |   0    |   0   |   1    |   0    |   1    |
|         tbl_cm_hash_calc_cm         |   2    |    16    |  13  |    0     |  0   |   0   |  0   |   4    |   1   |   0    |   1    |   0    |
|     tbl_cm_hash_calc_cm-gateway     |   2    |    0     |  0   |    1     |  0   |   0   |  0   |   0    |   0   |   1    |   0    |   0    |
|        tbl_cm_hash_calc_cm_0        |   2    |    16    |  13  |    0     |  0   |   0   |  0   |   4    |   1   |   0    |   1    |   0    |
|        tbl_cm_hash_calc_cm_1        |   2    |    16    |  13  |    0     |  0   |   0   |  0   |   2    |   1   |   0    |   1    |   0    |
|    tbl_cm_hash_calc_cm_1-gateway    |   2    |    0     |  0   |    1     |  0   |   0   |  0   |   0    |   0   |   1    |   0    |   0    |
|        tbl_cm_hash_calc_cm_2        |   2    |    16    |  13  |    0     |  0   |   0   |  0   |   2    |   1   |   0    |   1    |   0    |
|    tbl_cm_hash_calc_cm_2-gateway    |   2    |    0     |  0   |    1     |  0   |   0   |  0   |   0    |   0   |   1    |   0    |   0    |
|           tbl_netcache276           |   2    |    2     |  16  |    0     |  0   |   0   |  0   |   4    |   1   |   0    |   1    |   0    |
|           tbl_netcache305           |   2    |    0     |  0   |    0     |  0   |   0   |  0   |   4    |   1   |   0    |   1    |   0    |
|       tbl_netcache305-gateway       |   2    |    0     |  0   |    1     |  0   |   0   |  0   |   0    |   0   |   1    |   0    |   0    |
|           tbl_netcache306           |   2    |    0     |  0   |    0     |  0   |   0   |  0   |   4    |   1   |   0    |   1    |   0    |
|       tbl_netcache306-gateway       |   2    |    0     |  0   |    1     |  0   |   0   |  0   |   0    |   0   |   1    |   0    |   0    |
|           tbl_netcache307           |   2    |    0     |  0   |    0     |  0   |   0   |  0   |   4    |   1   |   0    |   1    |   0    |
|       tbl_netcache307-gateway       |   2    |    0     |  0   |    1     |  0   |   0   |  0   |   0    |   0   |   1    |   0    |   0    |
|           tbl_netcache309           |   2    |    0     |  0   |    0     |  0   |   0   |  0   |   4    |   1   |   0    |   1    |   0    |
|       tbl_netcache309-gateway       |   2    |    0     |  0   |    1     |  0   |   0   |  0   |   0    |   0   |   1    |   0    |   0    |
|           tbl_netcache338           |   2    |    0     |  0   |    0     |  0   |   0   |  0   |   4    |   1   |   0    |   1    |   0    |
|       tbl_netcache338-gateway       |   2    |    0     |  0   |    1     |  0   |   0   |  0   |   0    |   0   |   1    |   0    |   0    |
|           tbl_netcache339           |   2    |    0     |  0   |    0     |  0   |   0   |  0   |   4    |   1   |   0    |   1    |   0    |
|       tbl_netcache339-gateway       |   2    |    0     |  0   |    1     |  0   |   0   |  0   |   0    |   0   |   1    |   0    |   0    |
|           tbl_netcache340           |   2    |    0     |  0   |    0     |  0   |   0   |  0   |   4    |   1   |   0    |   1    |   0    |
|       tbl_netcache340-gateway       |   2    |    0     |  0   |    1     |  0   |   0   |  0   |   0    |   0   |   1    |   0    |   0    |
|          tbl_update_pkt_udp         |   2    |    0     |  0   |    0     |  0   |   0   |  0   |   0    |   1   |   0    |   0    |   1    |
|      SwitchIngress.cm.reg_cm_0      |   3    |    0     |  0   |    0     |  2   |   0   |  2   |   0    |   0   |   0    |   0    |   0    |
|      SwitchIngress.cm.reg_cm_1      |   3    |    0     |  0   |    0     |  2   |   0   |  2   |   0    |   0   |   0    |   0    |   0    |
|      SwitchIngress.cm.reg_cm_2      |   3    |    0     |  0   |    0     |  2   |   0   |  2   |   0    |   0   |   0    |   0    |   0    |
|      SwitchIngress.cm.reg_cm_3      |   3    |    0     |  0   |    0     |  2   |   0   |  2   |   0    |   0   |   0    |   0    |   0    |
|          tbl_cm_cm_0_update         |   3    |    2     |  13  |    0     |  0   |   0   |  0   |   4    |   1   |   0    |   1    |   0    |
|      tbl_cm_cm_0_update-gateway     |   3    |    0     |  0   |    1     |  0   |   0   |  0   |   0    |   0   |   1    |   0    |   0    |
|          tbl_cm_cm_1_update         |   3    |    2     |  13  |    0     |  0   |   0   |  0   |   4    |   1   |   0    |   1    |   0    |
|      tbl_cm_cm_1_update-gateway     |   3    |    0     |  0   |    1     |  0   |   0   |  0   |   0    |   0   |   1    |   0    |   0    |
|          tbl_cm_cm_2_update         |   3    |    2     |  13  |    0     |  0   |   0   |  0   |   4    |   1   |   0    |   1    |   0    |
|      tbl_cm_cm_2_update-gateway     |   3    |    0     |  0   |    1     |  0   |   0   |  0   |   0    |   0   |   1    |   0    |   0    |
|          tbl_cm_cm_3_update         |   3    |    2     |  13  |    0     |  0   |   0   |  0   |   4    |   1   |   0    |   1    |   0    |
|      tbl_cm_cm_3_update-gateway     |   3    |    0     |  0   |    1     |  0   |   0   |  0   |   0    |   0   |   1    |   0    |   0    |
|      SwitchIngress.reg_v800_831     |   4    |    5     |  0   |    0     |  3   |   0   |  3   |   0    |   0   |   0    |   0    |   0    |
|      SwitchIngress.reg_v832_863     |   4    |    5     |  0   |    0     |  3   |   0   |  3   |   0    |   0   |   0    |   0    |   0    |
|      SwitchIngress.reg_v864_895     |   4    |    5     |  0   |    0     |  3   |   0   |  3   |   0    |   0   |   0    |   0    |   0    |
|      SwitchIngress.reg_v896_927     |   4    |    5     |  0   |    0     |  3   |   0   |  3   |   0    |   0   |   0    |   0    |   0    |
|              tbl_cm122              |   4    |    0     |  0   |    0     |  0   |   0   |  0   |   0    |   1   |   0    |   0    |   1    |
|           tbl_netcache301           |   4    |    0     |  0   |    0     |  0   |   0   |  0   |   4    |   1   |   0    |   1    |   0    |
|       tbl_netcache301-gateway       |   4    |    0     |  0   |    1     |  0   |   0   |  0   |   0    |   0   |   1    |   0    |   0    |
|           tbl_netcache302           |   4    |    0     |  0   |    0     |  0   |   0   |  0   |   4    |   1   |   0    |   1    |   0    |
|       tbl_netcache302-gateway       |   4    |    0     |  0   |    1     |  0   |   0   |  0   |   0    |   0   |   1    |   0    |   0    |
|           tbl_netcache303           |   4    |    0     |  0   |    0     |  0   |   0   |  0   |   4    |   1   |   0    |   1    |   0    |
|       tbl_netcache303-gateway       |   4    |    0     |  0   |    1     |  0   |   0   |  0   |   0    |   0   |   1    |   0    |   0    |
|           tbl_netcache304           |   4    |    2     |  16  |    0     |  0   |   0   |  0   |   4    |   1   |   0    |   1    |   0    |
|       tbl_netcache304-gateway       |   4    |    0     |  0   |    1     |  0   |   0   |  0   |   0    |   0   |   1    |   0    |   0    |
|           tbl_netcache334           |   4    |    0     |  0   |    0     |  0   |   0   |  0   |   4    |   1   |   0    |   1    |   0    |
|       tbl_netcache334-gateway       |   4    |    0     |  0   |    1     |  0   |   0   |  0   |   0    |   0   |   1    |   0    |   0    |
|           tbl_netcache335           |   4    |    0     |  0   |    0     |  0   |   0   |  0   |   4    |   1   |   0    |   1    |   0    |
|       tbl_netcache335-gateway       |   4    |    0     |  0   |    1     |  0   |   0   |  0   |   0    |   0   |   1    |   0    |   0    |
|           tbl_netcache336           |   4    |    0     |  0   |    0     |  0   |   0   |  0   |   4    |   1   |   0    |   1    |   0    |
|       tbl_netcache336-gateway       |   4    |    0     |  0   |    1     |  0   |   0   |  0   |   0    |   0   |   1    |   0    |   0    |
|           tbl_netcache337           |   4    |    0     |  0   |    0     |  0   |   0   |  0   |   4    |   1   |   0    |   1    |   0    |
|       tbl_netcache337-gateway       |   4    |    0     |  0   |    1     |  0   |   0   |  0   |   0    |   0   |   1    |   0    |   0    |
|      SwitchIngress.reg_v672_703     |   5    |    5     |  0   |    0     |  3   |   0   |  3   |   0    |   0   |   0    |   0    |   0    |
|      SwitchIngress.reg_v704_735     |   5    |    5     |  0   |    0     |  3   |   0   |  3   |   0    |   0   |   0    |   0    |   0    |
|      SwitchIngress.reg_v736_767     |   5    |    5     |  0   |    0     |  3   |   0   |  3   |   0    |   0   |   0    |   0    |   0    |
|      SwitchIngress.reg_v768_799     |   5    |    5     |  0   |    0     |  3   |   0   |  3   |   0    |   0   |   0    |   0    |   0    |
|              tbl_cm123              |   5    |    0     |  0   |    0     |  0   |   0   |  0   |   0    |   1   |   0    |   0    |   1    |
|           tbl_netcache297           |   5    |    0     |  0   |    0     |  0   |   0   |  0   |   4    |   1   |   0    |   1    |   0    |
|       tbl_netcache297-gateway       |   5    |    0     |  0   |    1     |  0   |   0   |  0   |   0    |   0   |   1    |   0    |   0    |
|           tbl_netcache298           |   5    |    0     |  0   |    0     |  0   |   0   |  0   |   4    |   1   |   0    |   1    |   0    |
|       tbl_netcache298-gateway       |   5    |    0     |  0   |    1     |  0   |   0   |  0   |   0    |   0   |   1    |   0    |   0    |
|           tbl_netcache299           |   5    |    0     |  0   |    0     |  0   |   0   |  0   |   4    |   1   |   0    |   1    |   0    |
|       tbl_netcache299-gateway       |   5    |    0     |  0   |    1     |  0   |   0   |  0   |   0    |   0   |   1    |   0    |   0    |
|           tbl_netcache300           |   5    |    2     |  16  |    0     |  0   |   0   |  0   |   4    |   1   |   0    |   1    |   0    |
|       tbl_netcache300-gateway       |   5    |    0     |  0   |    1     |  0   |   0   |  0   |   0    |   0   |   1    |   0    |   0    |
|           tbl_netcache330           |   5    |    0     |  0   |    0     |  0   |   0   |  0   |   4    |   1   |   0    |   1    |   0    |
|       tbl_netcache330-gateway       |   5    |    0     |  0   |    1     |  0   |   0   |  0   |   0    |   0   |   1    |   0    |   0    |
|           tbl_netcache331           |   5    |    0     |  0   |    0     |  0   |   0   |  0   |   4    |   1   |   0    |   1    |   0    |
|       tbl_netcache331-gateway       |   5    |    0     |  0   |    1     |  0   |   0   |  0   |   0    |   0   |   1    |   0    |   0    |
|           tbl_netcache332           |   5    |    0     |  0   |    0     |  0   |   0   |  0   |   4    |   1   |   0    |   1    |   0    |
|       tbl_netcache332-gateway       |   5    |    0     |  0   |    1     |  0   |   0   |  0   |   0    |   0   |   1    |   0    |   0    |
|           tbl_netcache333           |   5    |    0     |  0   |    0     |  0   |   0   |  0   |   4    |   1   |   0    |   1    |   0    |
|       tbl_netcache333-gateway       |   5    |    0     |  0   |    1     |  0   |   0   |  0   |   0    |   0   |   1    |   0    |   0    |
|      SwitchIngress.reg_v544_575     |   6    |    5     |  0   |    0     |  3   |   0   |  3   |   0    |   0   |   0    |   0    |   0    |
|      SwitchIngress.reg_v576_607     |   6    |    5     |  0   |    0     |  3   |   0   |  3   |   0    |   0   |   0    |   0    |   0    |
|      SwitchIngress.reg_v608_639     |   6    |    5     |  0   |    0     |  3   |   0   |  3   |   0    |   0   |   0    |   0    |   0    |
|      SwitchIngress.reg_v640_671     |   6    |    5     |  0   |    0     |  3   |   0   |  3   |   0    |   0   |   0    |   0    |   0    |
|              tbl_cm124              |   6    |    0     |  0   |    0     |  0   |   0   |  0   |   0    |   1   |   0    |   0    |   1    |
|           tbl_netcache293           |   6    |    0     |  0   |    0     |  0   |   0   |  0   |   4    |   1   |   0    |   1    |   0    |
|       tbl_netcache293-gateway       |   6    |    0     |  0   |    1     |  0   |   0   |  0   |   0    |   0   |   1    |   0    |   0    |
|           tbl_netcache294           |   6    |    0     |  0   |    0     |  0   |   0   |  0   |   4    |   1   |   0    |   1    |   0    |
|       tbl_netcache294-gateway       |   6    |    0     |  0   |    1     |  0   |   0   |  0   |   0    |   0   |   1    |   0    |   0    |
|           tbl_netcache295           |   6    |    0     |  0   |    0     |  0   |   0   |  0   |   4    |   1   |   0    |   1    |   0    |
|       tbl_netcache295-gateway       |   6    |    0     |  0   |    1     |  0   |   0   |  0   |   0    |   0   |   1    |   0    |   0    |
|           tbl_netcache296           |   6    |    2     |  16  |    0     |  0   |   0   |  0   |   4    |   1   |   0    |   1    |   0    |
|       tbl_netcache296-gateway       |   6    |    0     |  0   |    1     |  0   |   0   |  0   |   0    |   0   |   1    |   0    |   0    |
|           tbl_netcache326           |   6    |    0     |  0   |    0     |  0   |   0   |  0   |   4    |   1   |   0    |   1    |   0    |
|       tbl_netcache326-gateway       |   6    |    0     |  0   |    1     |  0   |   0   |  0   |   0    |   0   |   1    |   0    |   0    |
|           tbl_netcache327           |   6    |    0     |  0   |    0     |  0   |   0   |  0   |   4    |   1   |   0    |   1    |   0    |
|       tbl_netcache327-gateway       |   6    |    0     |  0   |    1     |  0   |   0   |  0   |   0    |   0   |   1    |   0    |   0    |
|           tbl_netcache328           |   6    |    0     |  0   |    0     |  0   |   0   |  0   |   4    |   1   |   0    |   1    |   0    |
|       tbl_netcache328-gateway       |   6    |    0     |  0   |    1     |  0   |   0   |  0   |   0    |   0   |   1    |   0    |   0    |
|           tbl_netcache329           |   6    |    0     |  0   |    0     |  0   |   0   |  0   |   4    |   1   |   0    |   1    |   0    |
|       tbl_netcache329-gateway       |   6    |    0     |  0   |    1     |  0   |   0   |  0   |   0    |   0   |   1    |   0    |   0    |
|      SwitchIngress.reg_v416_447     |   7    |    5     |  0   |    0     |  3   |   0   |  3   |   0    |   0   |   0    |   0    |   0    |
|      SwitchIngress.reg_v448_479     |   7    |    5     |  0   |    0     |  3   |   0   |  3   |   0    |   0   |   0    |   0    |   0    |
|      SwitchIngress.reg_v480_511     |   7    |    5     |  0   |    0     |  3   |   0   |  3   |   0    |   0   |   0    |   0    |   0    |
|      SwitchIngress.reg_v512_543     |   7    |    5     |  0   |    0     |  3   |   0   |  3   |   0    |   0   |   0    |   0    |   0    |
|               cond-17               |   7    |    2     |  0   |    1     |  0   |   0   |  0   |   0    |   0   |   1    |   0    |   1    |
|      tbl_bloom_hash_calc_bloom      |   7    |    16    |  13  |    0     |  0   |   0   |  0   |   2    |   1   |   0    |   1    |   0    |
|  tbl_bloom_hash_calc_bloom-gateway  |   7    |    0     |  0   |    1     |  0   |   0   |  0   |   0    |   0   |   1    |   0    |   0    |
|     tbl_bloom_hash_calc_bloom_0     |   7    |    16    |  13  |    0     |  0   |   0   |  0   |   2    |   1   |   0    |   1    |   0    |
| tbl_bloom_hash_calc_bloom_0-gateway |   7    |    0     |  0   |    1     |  0   |   0   |  0   |   0    |   0   |   1    |   0    |   0    |
|     tbl_bloom_hash_calc_bloom_1     |   7    |    16    |  13  |    0     |  0   |   0   |  0   |   4    |   1   |   0    |   1    |   0    |
|           tbl_netcache289           |   7    |    0     |  0   |    0     |  0   |   0   |  0   |   4    |   1   |   0    |   1    |   0    |
|       tbl_netcache289-gateway       |   7    |    0     |  0   |    1     |  0   |   0   |  0   |   0    |   0   |   1    |   0    |   0    |
|           tbl_netcache290           |   7    |    0     |  0   |    0     |  0   |   0   |  0   |   4    |   1   |   0    |   1    |   0    |
|       tbl_netcache290-gateway       |   7    |    0     |  0   |    1     |  0   |   0   |  0   |   0    |   0   |   1    |   0    |   0    |
|           tbl_netcache291           |   7    |    0     |  0   |    0     |  0   |   0   |  0   |   4    |   1   |   0    |   1    |   0    |
|       tbl_netcache291-gateway       |   7    |    0     |  0   |    1     |  0   |   0   |  0   |   0    |   0   |   1    |   0    |   0    |
|           tbl_netcache292           |   7    |    2     |  16  |    0     |  0   |   0   |  0   |   4    |   1   |   0    |   1    |   0    |
|       tbl_netcache292-gateway       |   7    |    0     |  0   |    1     |  0   |   0   |  0   |   0    |   0   |   1    |   0    |   0    |
|           tbl_netcache322           |   7    |    0     |  0   |    0     |  0   |   0   |  0   |   4    |   1   |   0    |   1    |   0    |
|       tbl_netcache322-gateway       |   7    |    0     |  0   |    1     |  0   |   0   |  0   |   0    |   0   |   1    |   0    |   0    |
|           tbl_netcache323           |   7    |    0     |  0   |    0     |  0   |   0   |  0   |   4    |   1   |   0    |   1    |   0    |
|       tbl_netcache323-gateway       |   7    |    0     |  0   |    1     |  0   |   0   |  0   |   0    |   0   |   1    |   0    |   0    |
|           tbl_netcache324           |   7    |    0     |  0   |    0     |  0   |   0   |  0   |   4    |   1   |   0    |   1    |   0    |
|       tbl_netcache324-gateway       |   7    |    0     |  0   |    1     |  0   |   0   |  0   |   0    |   0   |   1    |   0    |   0    |
|           tbl_netcache325           |   7    |    0     |  0   |    0     |  0   |   0   |  0   |   4    |   1   |   0    |   1    |   0    |
|       tbl_netcache325-gateway       |   7    |    0     |  0   |    1     |  0   |   0   |  0   |   0    |   0   |   1    |   0    |   0    |
|   SwitchIngress.bloom.reg_bloom_0   |   8    |    0     |  0   |    0     |  2   |   0   |  2   |   0    |   0   |   0    |   0    |   0    |
|   SwitchIngress.bloom.reg_bloom_1   |   8    |    0     |  0   |    0     |  2   |   0   |  2   |   0    |   0   |   0    |   0    |   0    |
|   SwitchIngress.bloom.reg_bloom_2   |   8    |    0     |  0   |    0     |  2   |   0   |  2   |   0    |   0   |   0    |   0    |   0    |
|      SwitchIngress.reg_v384_415     |   8    |    5     |  0   |    0     |  3   |   0   |  3   |   0    |   0   |   0    |   0    |   0    |
|       tbl_bloom_bloom_0_update      |   8    |    2     |  13  |    0     |  0   |   0   |  0   |   1    |   1   |   0    |   1    |   0    |
|   tbl_bloom_bloom_0_update-gateway  |   8    |    0     |  0   |    1     |  0   |   0   |  0   |   0    |   0   |   1    |   0    |   0    |
|       tbl_bloom_bloom_1_update      |   8    |    2     |  13  |    0     |  0   |   0   |  0   |   4    |   1   |   0    |   1    |   0    |
|   tbl_bloom_bloom_1_update-gateway  |   8    |    0     |  0   |    1     |  0   |   0   |  0   |   0    |   0   |   1    |   0    |   0    |
|       tbl_bloom_bloom_2_update      |   8    |    2     |  13  |    0     |  0   |   0   |  0   |   4    |   1   |   0    |   1    |   0    |
|   tbl_bloom_bloom_2_update-gateway  |   8    |    0     |  0   |    1     |  0   |   0   |  0   |   0    |   0   |   1    |   0    |   0    |
|           tbl_netcache288           |   8    |    2     |  16  |    0     |  0   |   0   |  0   |   4    |   1   |   0    |   1    |   0    |
|       tbl_netcache288-gateway       |   8    |    0     |  0   |    1     |  0   |   0   |  0   |   0    |   0   |   1    |   0    |   0    |
|           tbl_netcache321           |   8    |    0     |  0   |    0     |  0   |   0   |  0   |   4    |   1   |   0    |   1    |   0    |
|       tbl_netcache321-gateway       |   8    |    0     |  0   |    1     |  0   |   0   |  0   |   0    |   0   |   1    |   0    |   0    |
|      SwitchIngress.reg_v256_287     |   9    |    5     |  0   |    0     |  3   |   0   |  3   |   0    |   0   |   0    |   0    |   0    |
|      SwitchIngress.reg_v288_319     |   9    |    5     |  0   |    0     |  3   |   0   |  3   |   0    |   0   |   0    |   0    |   0    |
|      SwitchIngress.reg_v320_351     |   9    |    5     |  0   |    0     |  3   |   0   |  3   |   0    |   0   |   0    |   0    |   0    |
|      SwitchIngress.reg_v352_383     |   9    |    5     |  0   |    0     |  3   |   0   |  3   |   0    |   0   |   0    |   0    |   0    |
|               cond-18               |   9    |    3     |  0   |    1     |  0   |   0   |  0   |   0    |   0   |   1    |   0    |   0    |
|             tbl_bloom92             |   9    |    0     |  0   |    0     |  0   |   0   |  0   |   0    |   1   |   0    |   0    |   1    |
|           tbl_netcache284           |   9    |    0     |  0   |    0     |  0   |   0   |  0   |   4    |   1   |   0    |   1    |   0    |
|       tbl_netcache284-gateway       |   9    |    0     |  0   |    1     |  0   |   0   |  0   |   0    |   0   |   1    |   0    |   0    |
|           tbl_netcache285           |   9    |    0     |  0   |    0     |  0   |   0   |  0   |   4    |   1   |   0    |   1    |   0    |
|       tbl_netcache285-gateway       |   9    |    0     |  0   |    1     |  0   |   0   |  0   |   0    |   0   |   1    |   0    |   0    |
|           tbl_netcache286           |   9    |    0     |  0   |    0     |  0   |   0   |  0   |   4    |   1   |   0    |   1    |   0    |
|       tbl_netcache286-gateway       |   9    |    0     |  0   |    1     |  0   |   0   |  0   |   0    |   0   |   1    |   0    |   0    |
|           tbl_netcache287           |   9    |    2     |  16  |    0     |  0   |   0   |  0   |   4    |   1   |   0    |   1    |   0    |
|       tbl_netcache287-gateway       |   9    |    0     |  0   |    1     |  0   |   0   |  0   |   0    |   0   |   1    |   0    |   0    |
|           tbl_netcache317           |   9    |    0     |  0   |    0     |  0   |   0   |  0   |   4    |   1   |   0    |   1    |   0    |
|       tbl_netcache317-gateway       |   9    |    0     |  0   |    1     |  0   |   0   |  0   |   0    |   0   |   1    |   0    |   0    |
|           tbl_netcache318           |   9    |    0     |  0   |    0     |  0   |   0   |  0   |   4    |   1   |   0    |   1    |   0    |
|       tbl_netcache318-gateway       |   9    |    0     |  0   |    1     |  0   |   0   |  0   |   0    |   0   |   1    |   0    |   0    |
|           tbl_netcache319           |   9    |    0     |  0   |    0     |  0   |   0   |  0   |   4    |   1   |   0    |   1    |   0    |
|       tbl_netcache319-gateway       |   9    |    0     |  0   |    1     |  0   |   0   |  0   |   0    |   0   |   1    |   0    |   0    |
|           tbl_netcache320           |   9    |    0     |  0   |    0     |  0   |   0   |  0   |   4    |   1   |   0    |   1    |   0    |
|       tbl_netcache320-gateway       |   9    |    0     |  0   |    1     |  0   |   0   |  0   |   0    |   0   |   1    |   0    |   0    |
|      SwitchIngress.reg_v128_159     |   10   |    5     |  0   |    0     |  3   |   0   |  3   |   0    |   0   |   0    |   0    |   0    |
|      SwitchIngress.reg_v160_191     |   10   |    5     |  0   |    0     |  3   |   0   |  3   |   0    |   0   |   0    |   0    |   0    |
|      SwitchIngress.reg_v192_223     |   10   |    5     |  0   |    0     |  3   |   0   |  3   |   0    |   0   |   0    |   0    |   0    |
|      SwitchIngress.reg_v224_255     |   10   |    5     |  0   |    0     |  3   |   0   |  3   |   0    |   0   |   0    |   0    |   0    |
|               cond-19               |   10   |    1     |  0   |    1     |  0   |   0   |  0   |   0    |   0   |   1    |   0    |   0    |
|           tbl_netcache280           |   10   |    0     |  0   |    0     |  0   |   0   |  0   |   4    |   1   |   0    |   1    |   0    |
|       tbl_netcache280-gateway       |   10   |    0     |  0   |    1     |  0   |   0   |  0   |   0    |   0   |   1    |   0    |   0    |
|           tbl_netcache281           |   10   |    0     |  0   |    0     |  0   |   0   |  0   |   4    |   1   |   0    |   1    |   0    |
|       tbl_netcache281-gateway       |   10   |    0     |  0   |    1     |  0   |   0   |  0   |   0    |   0   |   1    |   0    |   0    |
|           tbl_netcache282           |   10   |    0     |  0   |    0     |  0   |   0   |  0   |   4    |   1   |   0    |   1    |   0    |
|       tbl_netcache282-gateway       |   10   |    0     |  0   |    1     |  0   |   0   |  0   |   0    |   0   |   1    |   0    |   0    |
|           tbl_netcache283           |   10   |    2     |  16  |    0     |  0   |   0   |  0   |   4    |   1   |   0    |   1    |   0    |
|       tbl_netcache283-gateway       |   10   |    0     |  0   |    1     |  0   |   0   |  0   |   0    |   0   |   1    |   0    |   0    |
|           tbl_netcache313           |   10   |    0     |  0   |    0     |  0   |   0   |  0   |   4    |   1   |   0    |   1    |   0    |
|       tbl_netcache313-gateway       |   10   |    0     |  0   |    1     |  0   |   0   |  0   |   0    |   0   |   1    |   0    |   0    |
|           tbl_netcache314           |   10   |    0     |  0   |    0     |  0   |   0   |  0   |   4    |   1   |   0    |   1    |   0    |
|       tbl_netcache314-gateway       |   10   |    0     |  0   |    1     |  0   |   0   |  0   |   0    |   0   |   1    |   0    |   0    |
|           tbl_netcache315           |   10   |    0     |  0   |    0     |  0   |   0   |  0   |   4    |   1   |   0    |   1    |   0    |
|       tbl_netcache315-gateway       |   10   |    0     |  0   |    1     |  0   |   0   |  0   |   0    |   0   |   1    |   0    |   0    |
|           tbl_netcache316           |   10   |    0     |  0   |    0     |  0   |   0   |  0   |   4    |   1   |   0    |   1    |   0    |
|       tbl_netcache316-gateway       |   10   |    0     |  0   |    1     |  0   |   0   |  0   |   0    |   0   |   1    |   0    |   0    |
|          tbl_set_mirror_pkt         |   10   |    0     |  0   |    0     |  0   |   0   |  0   |   1    |   1   |   0    |   0    |   1    |
|     SwitchIngress.reg_key_count     |   11   |    0     |  0   |    0     |  3   |   0   |  3   |   0    |   0   |   0    |   0    |   0    |
|       SwitchIngress.reg_v32_63      |   11   |    5     |  0   |    0     |  3   |   0   |  3   |   0    |   0   |   0    |   0    |   0    |
|       SwitchIngress.reg_v64_95      |   11   |    5     |  0   |    0     |  3   |   0   |  3   |   0    |   0   |   0    |   0    |   0    |
|      SwitchIngress.reg_v96_127      |   11   |    5     |  0   |    0     |  3   |   0   |  3   |   0    |   0   |   0    |   0    |   0    |
|          tbl_key_count_incr         |   11   |    0     |  0   |    0     |  0   |   0   |  0   |   0    |   1   |   0    |   1    |   0    |
|      tbl_key_count_incr-gateway     |   11   |    0     |  0   |    1     |  0   |   0   |  0   |   0    |   0   |   1    |   0    |   0    |
|           tbl_netcache277           |   11   |    0     |  0   |    0     |  0   |   0   |  0   |   4    |   1   |   0    |   1    |   0    |
|       tbl_netcache277-gateway       |   11   |    0     |  0   |    1     |  0   |   0   |  0   |   0    |   0   |   1    |   0    |   0    |
|           tbl_netcache278           |   11   |    0     |  0   |    0     |  0   |   0   |  0   |   4    |   1   |   0    |   1    |   0    |
|       tbl_netcache278-gateway       |   11   |    0     |  0   |    1     |  0   |   0   |  0   |   0    |   0   |   1    |   0    |   0    |
|           tbl_netcache279           |   11   |    2     |  16  |    0     |  0   |   0   |  0   |   4    |   1   |   0    |   1    |   0    |
|       tbl_netcache279-gateway       |   11   |    0     |  0   |    1     |  0   |   0   |  0   |   0    |   0   |   1    |   0    |   0    |
|           tbl_netcache310           |   11   |    0     |  0   |    0     |  0   |   0   |  0   |   4    |   1   |   0    |   1    |   0    |
|       tbl_netcache310-gateway       |   11   |    0     |  0   |    1     |  0   |   0   |  0   |   0    |   0   |   1    |   0    |   0    |
|           tbl_netcache311           |   11   |    0     |  0   |    0     |  0   |   0   |  0   |   4    |   1   |   0    |   1    |   0    |
|       tbl_netcache311-gateway       |   11   |    0     |  0   |    1     |  0   |   0   |  0   |   0    |   0   |   1    |   0    |   0    |
|           tbl_netcache312           |   11   |    0     |  0   |    0     |  0   |   0   |  0   |   4    |   1   |   0    |   1    |   0    |
|       tbl_netcache312-gateway       |   11   |    0     |  0   |    1     |  0   |   0   |  0   |   0    |   0   |   1    |   0    |   0    |
|           tbl_netcache365           |   12   |    0     |  0   |    0     |  0   |   0   |  0   |   0    |   1   |   0    |   0    |   1    |
|          tbl_netcache365_0          |   13   |    0     |  0   |    0     |  0   |   0   |  0   |   0    |   1   |   0    |   0    |   1    |
------------------------------------------------------------------------------------------------------------------------------------------------

