+---------------------------------------------------------------------+
|  Log file: mau.resources.log                                        |
|  Compiler version: 9.13.4                                           |
|  Created on: Thu Sep  4 11:05:43 2025                               |
|  Run ID: 926090df4dcd4a19                                           |
+---------------------------------------------------------------------+


---------------------------------------------------------------------------------------------------------------------------------------------------------------------------------------------------------------------------------------------------------------------------------------------------------------------------------------------------------------
| Stage Number | Exact Match Input xbar | Ternary Match Input xbar | Hash Bit | Hash Dist Unit | Gateway | SRAM | Map RAM | TCAM | VLIW Instr | Meter ALU | Stats ALU | Stash | Exact Match Search Bus | Exact Match Result Bus | Tind Result Bus | Action Data Bus Bytes | 8-bit Action Slots | 16-bit Action Slots | 32-bit Action Slots | Logical TableID |
---------------------------------------------------------------------------------------------------------------------------------------------------------------------------------------------------------------------------------------------------------------------------------------------------------------------------------------------------------------
|      0       |           5            |            0             |    40    |       0        |    6    |  5   |    0    |  0   |     3      |     0     |     0     |   0   |           6            |           1            |        2        |           6           |         0          |          0          |          0          |        8        |
|      1       |           6            |            0             |    40    |       0        |    1    |  7   |    6    |  0   |     3      |     0     |     0     |   0   |           1            |           1            |        4        |           4           |         0          |          0          |          0          |        5        |
|      2       |           10           |            0             |    23    |       2        |    6    |  0   |    0    |  0   |     8      |     0     |     0     |   0   |           5            |           3            |        13       |           7           |         0          |          0          |          0          |        16       |
|      3       |           18           |            7             |    56    |       4        |    6    |  10  |    8    |  2   |     8      |     3     |     0     |   0   |           4            |           6            |        7        |           16          |         0          |          0          |          0          |        13       |
|      4       |           6            |            0             |    20    |       2        |    2    |  2   |    2    |  0   |     4      |     1     |     0     |   0   |           1            |           2            |        5        |           7           |         0          |          0          |          0          |        7        |
|      5       |           6            |            0             |    20    |       2        |    2    |  2   |    2    |  0   |     4      |     1     |     0     |   0   |           1            |           2            |        5        |           7           |         0          |          0          |          0          |        7        |
|      6       |           2            |            0             |    10    |       1        |    1    |  2   |    2    |  0   |     3      |     1     |     0     |   0   |           1            |           1            |        3        |           4           |         0          |          0          |          0          |        4        |
|      7       |           0            |            0             |    0     |       0        |    0    |  0   |    0    |  0   |     3      |     0     |     0     |   0   |           0            |           0            |        3        |           0           |         0          |          0          |          0          |        3        |
|      8       |           1            |            0             |    0     |       0        |    1    |  0   |    0    |  0   |     2      |     0     |     0     |   0   |           1            |           0            |        2        |           0           |         0          |          0          |          0          |        2        |
|      9       |           5            |            0             |    32    |       0        |    0    |  2   |    2    |  0   |     1      |     1     |     0     |   0   |           0            |           0            |        1        |           0           |         0          |          0          |          0          |        1        |
|      10      |           0            |            0             |    0     |       0        |    0    |  0   |    0    |  0   |     0      |     0     |     0     |   0   |           0            |           0            |        0        |           0           |         0          |          0          |          0          |        0        |
|      11      |           0            |            0             |    0     |       0        |    0    |  0   |    0    |  0   |     0      |     0     |     0     |   0   |           0            |           0            |        0        |           0           |         0          |          0          |          0          |        0        |
|      12      |           0            |            0             |    0     |       0        |    0    |  0   |    0    |  0   |     0      |     0     |     0     |   0   |           0            |           0            |        0        |           0           |         0          |          0          |          0          |        0        |
|      13      |           0            |            0             |    0     |       0        |    0    |  0   |    0    |  0   |     0      |     0     |     0     |   0   |           0            |           0            |        0        |           0           |         0          |          0          |          0          |        0        |
|      14      |           0            |            0             |    0     |       0        |    0    |  0   |    0    |  0   |     0      |     0     |     0     |   0   |           0            |           0            |        0        |           0           |         0          |          0          |          0          |        0        |
|      15      |           0            |            0             |    0     |       0        |    0    |  0   |    0    |  0   |     0      |     0     |     0     |   0   |           0            |           0            |        0        |           0           |         0          |          0          |          0          |        0        |
|      16      |           0            |            0             |    0     |       0        |    0    |  0   |    0    |  0   |     0      |     0     |     0     |   0   |           0            |           0            |        0        |           0           |         0          |          0          |          0          |        0        |
|      17      |           0            |            0             |    0     |       0        |    0    |  0   |    0    |  0   |     0      |     0     |     0     |   0   |           0            |           0            |        0        |           0           |         0          |          0          |          0          |        0        |
|      18      |           0            |            0             |    0     |       0        |    0    |  0   |    0    |  0   |     0      |     0     |     0     |   0   |           0            |           0            |        0        |           0           |         0          |          0          |          0          |        0        |
|      19      |           0            |            0             |    0     |       0        |    0    |  0   |    0    |  0   |     0      |     0     |     0     |   0   |           0            |           0            |        0        |           0           |         0          |          0          |          0          |        0        |
|              |                        |                          |          |                |         |      |         |      |            |           |           |       |                        |                        |                 |                       |                    |                     |                     |                 |
|    Totals    |           59           |            7             |   241    |       11       |    25   |  30  |    22   |  2   |     39     |     7     |     0     |   0   |           20           |           16           |        45       |           51          |         0          |          0          |          0          |        66       |
---------------------------------------------------------------------------------------------------------------------------------------------------------------------------------------------------------------------------------------------------------------------------------------------------------------------------------------------------------------


------------------------------------------------------------------------------------------------------------------------------------------------------------------------------------------------------------------------------------------------------------------------------------------------------------------------------------------------------------------
| Stage Number | Exact Match Input xbar | Ternary Match Input xbar | Hash Bit | Hash Dist Unit | Gateway |  SRAM  | Map RAM |  TCAM | VLIW Instr | Meter ALU | Stats ALU | Stash | Exact Match Search Bus | Exact Match Result Bus | Tind Result Bus | Action Data Bus Bytes | 8-bit Action Slots | 16-bit Action Slots | 32-bit Action Slots | Logical TableID |
------------------------------------------------------------------------------------------------------------------------------------------------------------------------------------------------------------------------------------------------------------------------------------------------------------------------------------------------------------------
|      0       |         3.91%          |          0.00%           |  9.62%   |     0.00%      |  37.50% | 6.25%  |  0.00%  | 0.00% |   9.38%    |   0.00%   |   0.00%   | 0.00% |         37.50%         |         6.25%          |      12.50%     |         4.69%         |       0.00%        |        0.00%        |        0.00%        |      50.00%     |
|      1       |         4.69%          |          0.00%           |  9.62%   |     0.00%      |  6.25%  | 8.75%  |  12.50% | 0.00% |   9.38%    |   0.00%   |   0.00%   | 0.00% |         6.25%          |         6.25%          |      25.00%     |         3.12%         |       0.00%        |        0.00%        |        0.00%        |      31.25%     |
|      2       |         7.81%          |          0.00%           |  5.53%   |     33.33%     |  37.50% | 0.00%  |  0.00%  | 0.00% |   25.00%   |   0.00%   |   0.00%   | 0.00% |         31.25%         |         18.75%         |      81.25%     |         5.47%         |       0.00%        |        0.00%        |        0.00%        |     100.00%     |
|      3       |         14.06%         |          10.61%          |  13.46%  |     66.67%     |  37.50% | 12.50% |  16.67% | 8.33% |   25.00%   |   75.00%  |   0.00%   | 0.00% |         25.00%         |         37.50%         |      43.75%     |         12.50%        |       0.00%        |        0.00%        |        0.00%        |      81.25%     |
|      4       |         4.69%          |          0.00%           |  4.81%   |     33.33%     |  12.50% | 2.50%  |  4.17%  | 0.00% |   12.50%   |   25.00%  |   0.00%   | 0.00% |         6.25%          |         12.50%         |      31.25%     |         5.47%         |       0.00%        |        0.00%        |        0.00%        |      43.75%     |
|      5       |         4.69%          |          0.00%           |  4.81%   |     33.33%     |  12.50% | 2.50%  |  4.17%  | 0.00% |   12.50%   |   25.00%  |   0.00%   | 0.00% |         6.25%          |         12.50%         |      31.25%     |         5.47%         |       0.00%        |        0.00%        |        0.00%        |      43.75%     |
|      6       |         1.56%          |          0.00%           |  2.40%   |     16.67%     |  6.25%  | 2.50%  |  4.17%  | 0.00% |   9.38%    |   25.00%  |   0.00%   | 0.00% |         6.25%          |         6.25%          |      18.75%     |         3.12%         |       0.00%        |        0.00%        |        0.00%        |      25.00%     |
|      7       |         0.00%          |          0.00%           |  0.00%   |     0.00%      |  0.00%  | 0.00%  |  0.00%  | 0.00% |   9.38%    |   0.00%   |   0.00%   | 0.00% |         0.00%          |         0.00%          |      18.75%     |         0.00%         |       0.00%        |        0.00%        |        0.00%        |      18.75%     |
|      8       |         0.78%          |          0.00%           |  0.00%   |     0.00%      |  6.25%  | 0.00%  |  0.00%  | 0.00% |   6.25%    |   0.00%   |   0.00%   | 0.00% |         6.25%          |         0.00%          |      12.50%     |         0.00%         |       0.00%        |        0.00%        |        0.00%        |      12.50%     |
|      9       |         3.91%          |          0.00%           |  7.69%   |     0.00%      |  0.00%  | 2.50%  |  4.17%  | 0.00% |   3.12%    |   25.00%  |   0.00%   | 0.00% |         0.00%          |         0.00%          |      6.25%      |         0.00%         |       0.00%        |        0.00%        |        0.00%        |      6.25%      |
|      10      |         0.00%          |          0.00%           |  0.00%   |     0.00%      |  0.00%  | 0.00%  |  0.00%  | 0.00% |   0.00%    |   0.00%   |   0.00%   | 0.00% |         0.00%          |         0.00%          |      0.00%      |         0.00%         |       0.00%        |        0.00%        |        0.00%        |      0.00%      |
|      11      |         0.00%          |          0.00%           |  0.00%   |     0.00%      |  0.00%  | 0.00%  |  0.00%  | 0.00% |   0.00%    |   0.00%   |   0.00%   | 0.00% |         0.00%          |         0.00%          |      0.00%      |         0.00%         |       0.00%        |        0.00%        |        0.00%        |      0.00%      |
|      12      |         0.00%          |          0.00%           |  0.00%   |     0.00%      |  0.00%  | 0.00%  |  0.00%  | 0.00% |   0.00%    |   0.00%   |   0.00%   | 0.00% |         0.00%          |         0.00%          |      0.00%      |         0.00%         |       0.00%        |        0.00%        |        0.00%        |      0.00%      |
|      13      |         0.00%          |          0.00%           |  0.00%   |     0.00%      |  0.00%  | 0.00%  |  0.00%  | 0.00% |   0.00%    |   0.00%   |   0.00%   | 0.00% |         0.00%          |         0.00%          |      0.00%      |         0.00%         |       0.00%        |        0.00%        |        0.00%        |      0.00%      |
|      14      |         0.00%          |          0.00%           |  0.00%   |     0.00%      |  0.00%  | 0.00%  |  0.00%  | 0.00% |   0.00%    |   0.00%   |   0.00%   | 0.00% |         0.00%          |         0.00%          |      0.00%      |         0.00%         |       0.00%        |        0.00%        |        0.00%        |      0.00%      |
|      15      |         0.00%          |          0.00%           |  0.00%   |     0.00%      |  0.00%  | 0.00%  |  0.00%  | 0.00% |   0.00%    |   0.00%   |   0.00%   | 0.00% |         0.00%          |         0.00%          |      0.00%      |         0.00%         |       0.00%        |        0.00%        |        0.00%        |      0.00%      |
|      16      |         0.00%          |          0.00%           |  0.00%   |     0.00%      |  0.00%  | 0.00%  |  0.00%  | 0.00% |   0.00%    |   0.00%   |   0.00%   | 0.00% |         0.00%          |         0.00%          |      0.00%      |         0.00%         |       0.00%        |        0.00%        |        0.00%        |      0.00%      |
|      17      |         0.00%          |          0.00%           |  0.00%   |     0.00%      |  0.00%  | 0.00%  |  0.00%  | 0.00% |   0.00%    |   0.00%   |   0.00%   | 0.00% |         0.00%          |         0.00%          |      0.00%      |         0.00%         |       0.00%        |        0.00%        |        0.00%        |      0.00%      |
|      18      |         0.00%          |          0.00%           |  0.00%   |     0.00%      |  0.00%  | 0.00%  |  0.00%  | 0.00% |   0.00%    |   0.00%   |   0.00%   | 0.00% |         0.00%          |         0.00%          |      0.00%      |         0.00%         |       0.00%        |        0.00%        |        0.00%        |      0.00%      |
|      19      |         0.00%          |          0.00%           |  0.00%   |     0.00%      |  0.00%  | 0.00%  |  0.00%  | 0.00% |   0.00%    |   0.00%   |   0.00%   | 0.00% |         0.00%          |         0.00%          |      0.00%      |         0.00%         |       0.00%        |        0.00%        |        0.00%        |      0.00%      |
|              |                        |                          |          |                |         |        |         |       |            |           |           |       |                        |                        |                 |                       |                    |                     |                     |                 |
|   Average    |         4.61%          |          1.06%           |  5.79%   |     18.33%     |  15.62% | 3.75%  |  4.58%  | 0.83% |   12.19%   |   17.50%  |   0.00%   | 0.00% |         12.50%         |         10.00%         |      28.12%     |         3.98%         |       0.00%        |        0.00%        |        0.00%        |      41.25%     |
------------------------------------------------------------------------------------------------------------------------------------------------------------------------------------------------------------------------------------------------------------------------------------------------------------------------------------------------------------------


Allocated Resource Usage
-------------------------------------------------------------------------------------------------------------------------------------------------------------------------------
|                               Table                                | Stage  | Crossbar | Hash | Gateways | RAMs | TCAMs | Map  | Action |  VLIW |  Exm   |  Exm   |  Tind  |
|                                Name                                | Number |  Bytes   | Bits |          |      |       | RAMs |  Data  | Slots | Search | Result | Result |
|                                                                    |        |          |      |          |      |       |      |  Bus   |       |  Bus   |  Bus   |  Bus   |
|                                                                    |        |          |      |          |      |       |      | Bytes  |       |        |        |        |
-------------------------------------------------------------------------------------------------------------------------------------------------------------------------------
|                    IngressParser.$PORT_METADATA                    |   -1   |    0     |  0   |    0     |  0   |   0   |  0   |   0    |   0   |   0    |   0    |   0    |
|                   Ingress.ingress_port_to_nf_dev                   |   0    |    2     |  40  |    0     |  4   |   0   |  0   |   6    |   3   |   1    |   1    |   0    |
|               Ingress.ingress_port_to_nf_dev$action                |   0    |    0     |  0   |    0     |  1   |   0   |  0   |   0    |   0   |   0    |   0    |   0    |
|                              cond-13                               |   0    |    2     |  0   |    1     |  0   |   0   |  0   |   0    |   0   |   1    |   0    |   0    |
|                              cond-14                               |   0    |    1     |  0   |    1     |  0   |   0   |  0   |   0    |   0   |   1    |   0    |   0    |
|                              cond-15                               |   0    |    1     |  0   |    1     |  0   |   0   |  0   |   0    |   0   |   1    |   0    |   0    |
|                              cond-16                               |   0    |    1     |  0   |    1     |  0   |   0   |  0   |   0    |   0   |   1    |   0    |   0    |
|                              cond-17                               |   0    |    1     |  0   |    1     |  0   |   0   |  0   |   0    |   0   |   1    |   0    |   0    |
|                              cond-18                               |   0    |    1     |  0   |    1     |  0   |   0   |  0   |   0    |   0   |   1    |   0    |   0    |
|               tbl_kvsf40000c10000zipf0_2hmaxtput493                |   0    |    0     |  0   |    0     |  0   |   0   |  0   |   0    |   1   |   0    |   0    |   1    |
|               tbl_kvsf40000c10000zipf0_2hmaxtput685                |   0    |    0     |  0   |    0     |  0   |   0   |  0   |   0    |   1   |   0    |   0    |   1    |
|                Ingress.hh_table_1073923800_table_13                |   1    |    4     |  40  |    0     |  4   |   0   |  6   |   4    |   2   |   1    |   1    |   0    |
|            Ingress.hh_table_1073923800_table_13$action             |   1    |    0     |  0   |    0     |  3   |   0   |  0   |   0    |   0   |   0    |   0    |   0    |
|                              cond-19                               |   1    |    2     |  0   |    1     |  0   |   0   |  0   |   0    |   0   |   1    |   0    |   0    |
|                              tbl_act                               |   1    |    0     |  0   |    0     |  0   |   0   |  0   |   0    |   1   |   0    |   0    |   1    |
|               tbl_kvsf40000c10000zipf0_2hmaxtput530                |   1    |    0     |  0   |    0     |  0   |   0   |  0   |   0    |   1   |   0    |   0    |   1    |
|               tbl_kvsf40000c10000zipf0_2hmaxtput663                |   1    |    0     |  0   |    0     |  0   |   0   |  0   |   0    |   1   |   0    |   0    |   1    |
|              tbl_kvsf40000c10000zipf0_2hmaxtput663_0               |   1    |    0     |  0   |    0     |  0   |   0   |  0   |   0    |   1   |   0    |   0    |   1    |
|                              cond-20                               |   2    |    1     |  0   |    1     |  0   |   0   |  0   |   0    |   0   |   1    |   0    |   1    |
|                              cond-22                               |   2    |    1     |  0   |    1     |  0   |   0   |  0   |   0    |   0   |   1    |   0    |   0    |
|                              cond-23                               |   2    |    1     |  0   |    1     |  0   |   0   |  0   |   0    |   0   |   1    |   0    |   0    |
|                              cond-24                               |   2    |    1     |  0   |    1     |  0   |   0   |  0   |   0    |   0   |   1    |   0    |   0    |
|              tbl_hh_table_1073923800_hash_calc_1_calc              |   2    |    4     |  10  |    0     |  0   |   0   |  0   |   3    |   1   |   0    |   1    |   0    |
|               tbl_kvsf40000c10000zipf0_2hmaxtput567                |   2    |    0     |  0   |    0     |  0   |   0   |  0   |   0    |   1   |   0    |   0    |   1    |
|               tbl_kvsf40000c10000zipf0_2hmaxtput568                |   2    |    0     |  0   |    0     |  0   |   0   |  0   |   0    |   1   |   0    |   0    |   1    |
|               tbl_kvsf40000c10000zipf0_2hmaxtput577                |   2    |    0     |  0   |    0     |  0   |   0   |  0   |   0    |   1   |   0    |   0    |   1    |
|               tbl_kvsf40000c10000zipf0_2hmaxtput578                |   2    |    0     |  0   |    0     |  0   |   0   |  0   |   0    |   1   |   0    |   0    |   1    |
|               tbl_kvsf40000c10000zipf0_2hmaxtput598                |   2    |    0     |  0   |    0     |  0   |   0   |  0   |   2    |   1   |   0    |   1    |   0    |
|           tbl_kvsf40000c10000zipf0_2hmaxtput598-gateway            |   2    |    0     |  0   |    1     |  0   |   0   |  0   |   0    |   0   |   1    |   0    |   0    |
|               tbl_kvsf40000c10000zipf0_2hmaxtput622                |   2    |    0     |  0   |    0     |  0   |   0   |  0   |   0    |   1   |   0    |   0    |   1    |
|               tbl_kvsf40000c10000zipf0_2hmaxtput628                |   2    |    4     |  13  |    0     |  0   |   0   |  0   |   2    |   1   |   0    |   1    |   0    |
|           tbl_kvsf40000c10000zipf0_2hmaxtput628-gateway            |   2    |    0     |  0   |    1     |  0   |   0   |  0   |   0    |   0   |   1    |   0    |   0    |
|               tbl_kvsf40000c10000zipf0_2hmaxtput655                |   2    |    0     |  0   |    0     |  0   |   0   |  0   |   0    |   1   |   0    |   0    |   1    |
|                              tbl_swap                              |   2    |    0     |  0   |    0     |  0   |   0   |  0   |   0    |   1   |   0    |   0    |   1    |
|                             tbl_swap_1                             |   2    |    0     |  0   |    0     |  0   |   0   |  0   |   0    |   1   |   0    |   0    |   1    |
|                            tbl_swap_11                             |   2    |    0     |  0   |    0     |  0   |   0   |  0   |   0    |   1   |   0    |   0    |   1    |
|                            tbl_swap_13                             |   2    |    0     |  0   |    0     |  0   |   0   |  0   |   0    |   1   |   0    |   0    |   1    |
|                            tbl_swap_17                             |   2    |    0     |  0   |    0     |  0   |   0   |  0   |   0    |   1   |   0    |   0    |   1    |
|                             tbl_swap_5                             |   2    |    0     |  0   |    0     |  0   |   0   |  0   |   0    |   1   |   0    |   0    |   1    |
|                       Ingress.forwarding_tbl                       |   3    |    7     |  0   |    0     |  1   |   2   |  0   |   6    |   4   |   0    |   0    |   1    |
|                   Ingress.forwarding_tbl$action                    |   3    |    0     |  0   |    0     |  1   |   0   |  0   |   0    |   0   |   0    |   0    |   0    |
|            Ingress.hh_table_1073923800_cached_counters             |   3    |    0     |  0   |    0     |  3   |   0   |  3   |   0    |   0   |   0    |   0    |   0    |
|               Ingress.hh_table_1073923800_cms_row_1                |   3    |    0     |  0   |    0     |  2   |   0   |  2   |   0    |   0   |   0    |   0    |   0    |
|                Ingress.vector_register_1073954840_0                |   3    |    4     |  0   |    0     |  3   |   0   |  3   |   0    |   0   |   0    |   0    |   0    |
|     tbl_hh_table_1073923800_cms_row_1_inc_and_read_383_execute     |   3    |    2     |  10  |    0     |  0   |   0   |  0   |   4    |   1   |   0    |   1    |   0    |
| tbl_hh_table_1073923800_cms_row_1_inc_and_read_383_execute-gateway |   3    |    0     |  0   |    1     |  0   |   0   |  0   |   0    |   0   |   1    |   0    |   0    |
|              tbl_hh_table_1073923800_hash_calc_0_calc              |   3    |    4     |  10  |    0     |  0   |   0   |  0   |   2    |   1   |   0    |   1    |   0    |
|          tbl_hh_table_1073923800_hash_calc_0_calc-gateway          |   3    |    0     |  0   |    1     |  0   |   0   |  0   |   0    |   0   |   1    |   0    |   0    |
|               tbl_kvsf40000c10000zipf0_2hmaxtput533                |   3    |    0     |  0   |    0     |  0   |   0   |  0   |   0    |   1   |   0    |   1    |   0    |
|           tbl_kvsf40000c10000zipf0_2hmaxtput533-gateway            |   3    |    0     |  0   |    1     |  0   |   0   |  0   |   0    |   0   |   1    |   0    |   0    |
|               tbl_kvsf40000c10000zipf0_2hmaxtput595                |   3    |    4     |  23  |    0     |  0   |   0   |  0   |   4    |   1   |   0    |   1    |   0    |
|           tbl_kvsf40000c10000zipf0_2hmaxtput595-gateway            |   3    |    0     |  0   |    1     |  0   |   0   |  0   |   0    |   0   |   1    |   0    |   0    |
|               tbl_kvsf40000c10000zipf0_2hmaxtput598                |   3    |    0     |  0   |    0     |  0   |   0   |  0   |   4    |   1   |   0    |   1    |   0    |
|           tbl_kvsf40000c10000zipf0_2hmaxtput598-gateway            |   3    |    1     |  0   |    1     |  0   |   0   |  0   |   0    |   0   |   1    |   0    |   0    |
|               tbl_kvsf40000c10000zipf0_2hmaxtput628                |   3    |    2     |  13  |    0     |  0   |   0   |  0   |   4    |   1   |   0    |   1    |   0    |
|           tbl_kvsf40000c10000zipf0_2hmaxtput628-gateway            |   3    |    1     |  0   |    1     |  0   |   0   |  0   |   0    |   0   |   1    |   0    |   0    |
|                             tbl_swap_0                             |   3    |    0     |  0   |    0     |  0   |   0   |  0   |   0    |   1   |   0    |   0    |   1    |
|                            tbl_swap_12                             |   3    |    0     |  0   |    0     |  0   |   0   |  0   |   0    |   1   |   0    |   0    |   1    |
|                            tbl_swap_14                             |   3    |    0     |  0   |    0     |  0   |   0   |  0   |   0    |   1   |   0    |   0    |   1    |
|                            tbl_swap_18                             |   3    |    0     |  0   |    0     |  0   |   0   |  0   |   0    |   1   |   0    |   0    |   1    |
|                             tbl_swap_2                             |   3    |    0     |  0   |    0     |  0   |   0   |  0   |   0    |   1   |   0    |   0    |   1    |
|                             tbl_swap_6                             |   3    |    0     |  0   |    0     |  0   |   0   |  0   |   0    |   1   |   0    |   0    |   1    |
|               Ingress.hh_table_1073923800_cms_row_0                |   4    |    0     |  0   |    0     |  2   |   0   |  2   |   0    |   0   |   0    |   0    |   0    |
|     tbl_hh_table_1073923800_cms_row_0_inc_and_read_383_execute     |   4    |    2     |  10  |    0     |  0   |   0   |  0   |   4    |   1   |   0    |   1    |   0    |
| tbl_hh_table_1073923800_cms_row_0_inc_and_read_383_execute-gateway |   4    |    0     |  0   |    1     |  0   |   0   |  0   |   0    |   0   |   1    |   0    |   0    |
|              tbl_hh_table_1073923800_hash_calc_2_calc              |   4    |    4     |  10  |    0     |  0   |   0   |  0   |   3    |   1   |   0    |   1    |   0    |
|          tbl_hh_table_1073923800_hash_calc_2_calc-gateway          |   4    |    0     |  0   |    1     |  0   |   0   |  0   |   0    |   0   |   1    |   0    |   0    |
|               tbl_kvsf40000c10000zipf0_2hmaxtput633                |   4    |    0     |  0   |    0     |  0   |   0   |  0   |   0    |   1   |   0    |   0    |   1    |
|                            tbl_swap_15                             |   4    |    0     |  0   |    0     |  0   |   0   |  0   |   0    |   1   |   0    |   0    |   1    |
|                            tbl_swap_19                             |   4    |    0     |  0   |    0     |  0   |   0   |  0   |   0    |   1   |   0    |   0    |   1    |
|                             tbl_swap_3                             |   4    |    0     |  0   |    0     |  0   |   0   |  0   |   0    |   1   |   0    |   0    |   1    |
|                             tbl_swap_7                             |   4    |    0     |  0   |    0     |  0   |   0   |  0   |   0    |   1   |   0    |   0    |   1    |
|               Ingress.hh_table_1073923800_cms_row_2                |   5    |    0     |  0   |    0     |  2   |   0   |  2   |   0    |   0   |   0    |   0    |   0    |
|     tbl_hh_table_1073923800_cms_row_2_inc_and_read_383_execute     |   5    |    2     |  10  |    0     |  0   |   0   |  0   |   4    |   1   |   0    |   1    |   0    |
| tbl_hh_table_1073923800_cms_row_2_inc_and_read_383_execute-gateway |   5    |    0     |  0   |    1     |  0   |   0   |  0   |   0    |   0   |   1    |   0    |   0    |
|              tbl_hh_table_1073923800_hash_calc_3_calc              |   5    |    4     |  10  |    0     |  0   |   0   |  0   |   3    |   1   |   0    |   1    |   0    |
|          tbl_hh_table_1073923800_hash_calc_3_calc-gateway          |   5    |    0     |  0   |    1     |  0   |   0   |  0   |   0    |   0   |   1    |   0    |   0    |
|               tbl_kvsf40000c10000zipf0_2hmaxtput544                |   5    |    0     |  0   |    0     |  0   |   0   |  0   |   0    |   1   |   0    |   0    |   1    |
|                            tbl_swap_16                             |   5    |    0     |  0   |    0     |  0   |   0   |  0   |   0    |   1   |   0    |   0    |   1    |
|                            tbl_swap_20                             |   5    |    0     |  0   |    0     |  0   |   0   |  0   |   0    |   1   |   0    |   0    |   1    |
|                             tbl_swap_4                             |   5    |    0     |  0   |    0     |  0   |   0   |  0   |   0    |   1   |   0    |   0    |   1    |
|                             tbl_swap_8                             |   5    |    0     |  0   |    0     |  0   |   0   |  0   |   0    |   1   |   0    |   0    |   1    |
|               Ingress.hh_table_1073923800_cms_row_3                |   6    |    0     |  0   |    0     |  2   |   0   |  2   |   0    |   0   |   0    |   0    |   0    |
|     tbl_hh_table_1073923800_cms_row_3_inc_and_read_383_execute     |   6    |    2     |  10  |    0     |  0   |   0   |  0   |   4    |   1   |   0    |   1    |   0    |
| tbl_hh_table_1073923800_cms_row_3_inc_and_read_383_execute-gateway |   6    |    0     |  0   |    1     |  0   |   0   |  0   |   0    |   0   |   1    |   0    |   0    |
|               tbl_kvsf40000c10000zipf0_2hmaxtput545                |   6    |    0     |  0   |    0     |  0   |   0   |  0   |   0    |   1   |   0    |   0    |   1    |
|                            tbl_swap_21                             |   6    |    0     |  0   |    0     |  0   |   0   |  0   |   0    |   1   |   0    |   0    |   1    |
|                             tbl_swap_9                             |   6    |    0     |  0   |    0     |  0   |   0   |  0   |   0    |   1   |   0    |   0    |   1    |
|               tbl_kvsf40000c10000zipf0_2hmaxtput546                |   7    |    0     |  0   |    0     |  0   |   0   |  0   |   0    |   1   |   0    |   0    |   1    |
|                            tbl_swap_10                             |   7    |    0     |  0   |    0     |  0   |   0   |  0   |   0    |   1   |   0    |   0    |   1    |
|                            tbl_swap_22                             |   7    |    0     |  0   |    0     |  0   |   0   |  0   |   0    |   1   |   0    |   0    |   1    |
|                              cond-21                               |   8    |    1     |  0   |    1     |  0   |   0   |  0   |   0    |   0   |   1    |   0    |   0    |
|               tbl_kvsf40000c10000zipf0_2hmaxtput547                |   8    |    0     |  0   |    0     |  0   |   0   |  0   |   0    |   1   |   0    |   0    |   1    |
|               tbl_kvsf40000c10000zipf0_2hmaxtput550                |   8    |    0     |  0   |    0     |  0   |   0   |  0   |   0    |   1   |   0    |   0    |   1    |
|               Ingress.hh_table_1073923800_threshold                |   9    |    5     |  32  |    0     |  2   |   0   |  2   |   0    |   0   |   0    |   0    |   0    |
|               tbl_kvsf40000c10000zipf0_2hmaxtput548                |   9    |    0     |  0   |    0     |  0   |   0   |  0   |   0    |   1   |   0    |   0    |   1    |
-------------------------------------------------------------------------------------------------------------------------------------------------------------------------------

