+---------------------------------------------------------------------+
|  Log file: mau.resources.log                                        |
|  Compiler version: 9.13.4                                           |
|  Created on: Tue Sep 16 10:24:38 2025                               |
|  Run ID: bae2aac0a0d04f54                                           |
+---------------------------------------------------------------------+


---------------------------------------------------------------------------------------------------------------------------------------------------------------------------------------------------------------------------------------------------------------------------------------------------------------------------------------------------------------
| Stage Number | Exact Match Input xbar | Ternary Match Input xbar | Hash Bit | Hash Dist Unit | Gateway | SRAM | Map RAM | TCAM | VLIW Instr | Meter ALU | Stats ALU | Stash | Exact Match Search Bus | Exact Match Result Bus | Tind Result Bus | Action Data Bus Bytes | 8-bit Action Slots | 16-bit Action Slots | 32-bit Action Slots | Logical TableID |
---------------------------------------------------------------------------------------------------------------------------------------------------------------------------------------------------------------------------------------------------------------------------------------------------------------------------------------------------------------
|      0       |           5            |            0             |    40    |       0        |    6    |  5   |    0    |  0   |     3      |     0     |     0     |   0   |           6            |           1            |        2        |           6           |         0          |          0          |          0          |        8        |
|      1       |           4            |            0             |    0     |       0        |    3    |  0   |    0    |  0   |     3      |     0     |     0     |   0   |           3            |           0            |        5        |           0           |         0          |          0          |          0          |        5        |
|      2       |           4            |            0             |    24    |       2        |    2    |  0   |    0    |  0   |     2      |     0     |     0     |   0   |           1            |           2            |        1        |           4           |         0          |          0          |          0          |        3        |
|      3       |           15           |            0             |    56    |       4        |    4    |  2   |    2    |  0   |     3      |     1     |     0     |   0   |           2            |           4            |        1        |           11          |         0          |          0          |          0          |        4        |
|      4       |           7            |            0             |    12    |       1        |    2    |  2   |    2    |  0   |     2      |     1     |     0     |   0   |           1            |           2            |        1        |           4           |         0          |          0          |          0          |        2        |
|      5       |           8            |            0             |    12    |       1        |    2    |  2   |    2    |  0   |     3      |     1     |     0     |   0   |           1            |           2            |        2        |           4           |         0          |          0          |          0          |        3        |
|      6       |           12           |            0             |    36    |       3        |    3    |  2   |    2    |  0   |     3      |     1     |     0     |   0   |           3            |           3            |        3        |           6           |         0          |          0          |          0          |        4        |
|      7       |           10           |            0             |    24    |       2        |    2    |  2   |    2    |  0   |     2      |     1     |     0     |   0   |           2            |           2            |        1        |           4           |         0          |          0          |          0          |        2        |
|      8       |           10           |            0             |    24    |       2        |    2    |  2   |    2    |  0   |     3      |     1     |     0     |   0   |           1            |           2            |        2        |           4           |         0          |          0          |          0          |        3        |
|      9       |           3            |            0             |    0     |       0        |    1    |  0   |    0    |  0   |     2      |     0     |     0     |   0   |           1            |           0            |        2        |           0           |         0          |          0          |          0          |        2        |
|      10      |           8            |            0             |    32    |       2        |    8    |  9   |    9    |  0   |     3      |     1     |     0     |   0   |           7            |           5            |        5        |           4           |         0          |          0          |          0          |        8        |
|      11      |           10           |            0             |    48    |       3        |    3    |  9   |    9    |  0   |     2      |     1     |     0     |   0   |           2            |           3            |        0        |           2           |         0          |          0          |          0          |        3        |
|      12      |           2            |            0             |    0     |       0        |    2    |  0   |    0    |  0   |     2      |     0     |     0     |   0   |           2            |           0            |        2        |           0           |         0          |          0          |          0          |        2        |
|      13      |           2            |            0             |    0     |       0        |    2    |  0   |    0    |  0   |     2      |     0     |     0     |   0   |           2            |           0            |        2        |           0           |         0          |          0          |          0          |        3        |
|      14      |           3            |            0             |    0     |       0        |    4    |  0   |    0    |  0   |     8      |     0     |     0     |   0   |           4            |           0            |        15       |           0           |         0          |          0          |          0          |        16       |
|      15      |           0            |            7             |    0     |       0        |    0    |  2   |    0    |  2   |     7      |     0     |     0     |   0   |           0            |           0            |        7        |           6           |         0          |          0          |          0          |        7        |
|      16      |           0            |            0             |    0     |       0        |    0    |  0   |    0    |  0   |     3      |     0     |     0     |   0   |           0            |           0            |        4        |           0           |         0          |          0          |          0          |        4        |
|      17      |           0            |            0             |    0     |       0        |    0    |  0   |    0    |  0   |     3      |     0     |     0     |   0   |           0            |           0            |        4        |           0           |         0          |          0          |          0          |        4        |
|      18      |           0            |            0             |    0     |       0        |    0    |  0   |    0    |  0   |     2      |     0     |     0     |   0   |           0            |           0            |        2        |           0           |         0          |          0          |          0          |        2        |
|      19      |           0            |            0             |    0     |       0        |    0    |  0   |    0    |  0   |     2      |     0     |     0     |   0   |           0            |           0            |        2        |           0           |         0          |          0          |          0          |        2        |
|              |                        |                          |          |                |         |      |         |      |            |           |           |       |                        |                        |                 |                       |                    |                     |                     |                 |
|    Totals    |          103           |            7             |   308    |       20       |    46   |  37  |    30   |  2   |     60     |     8     |     0     |   0   |           38           |           26           |        63       |           55          |         0          |          0          |          0          |        87       |
---------------------------------------------------------------------------------------------------------------------------------------------------------------------------------------------------------------------------------------------------------------------------------------------------------------------------------------------------------------


------------------------------------------------------------------------------------------------------------------------------------------------------------------------------------------------------------------------------------------------------------------------------------------------------------------------------------------------------------------
| Stage Number | Exact Match Input xbar | Ternary Match Input xbar | Hash Bit | Hash Dist Unit | Gateway |  SRAM  | Map RAM |  TCAM | VLIW Instr | Meter ALU | Stats ALU | Stash | Exact Match Search Bus | Exact Match Result Bus | Tind Result Bus | Action Data Bus Bytes | 8-bit Action Slots | 16-bit Action Slots | 32-bit Action Slots | Logical TableID |
------------------------------------------------------------------------------------------------------------------------------------------------------------------------------------------------------------------------------------------------------------------------------------------------------------------------------------------------------------------
|      0       |         3.91%          |          0.00%           |  9.62%   |     0.00%      |  37.50% | 6.25%  |  0.00%  | 0.00% |   9.38%    |   0.00%   |   0.00%   | 0.00% |         37.50%         |         6.25%          |      12.50%     |         4.69%         |       0.00%        |        0.00%        |        0.00%        |      50.00%     |
|      1       |         3.12%          |          0.00%           |  0.00%   |     0.00%      |  18.75% | 0.00%  |  0.00%  | 0.00% |   9.38%    |   0.00%   |   0.00%   | 0.00% |         18.75%         |         0.00%          |      31.25%     |         0.00%         |       0.00%        |        0.00%        |        0.00%        |      31.25%     |
|      2       |         3.12%          |          0.00%           |  5.77%   |     33.33%     |  12.50% | 0.00%  |  0.00%  | 0.00% |   6.25%    |   0.00%   |   0.00%   | 0.00% |         6.25%          |         12.50%         |      6.25%      |         3.12%         |       0.00%        |        0.00%        |        0.00%        |      18.75%     |
|      3       |         11.72%         |          0.00%           |  13.46%  |     66.67%     |  25.00% | 2.50%  |  4.17%  | 0.00% |   9.38%    |   25.00%  |   0.00%   | 0.00% |         12.50%         |         25.00%         |      6.25%      |         8.59%         |       0.00%        |        0.00%        |        0.00%        |      25.00%     |
|      4       |         5.47%          |          0.00%           |  2.88%   |     16.67%     |  12.50% | 2.50%  |  4.17%  | 0.00% |   6.25%    |   25.00%  |   0.00%   | 0.00% |         6.25%          |         12.50%         |      6.25%      |         3.12%         |       0.00%        |        0.00%        |        0.00%        |      12.50%     |
|      5       |         6.25%          |          0.00%           |  2.88%   |     16.67%     |  12.50% | 2.50%  |  4.17%  | 0.00% |   9.38%    |   25.00%  |   0.00%   | 0.00% |         6.25%          |         12.50%         |      12.50%     |         3.12%         |       0.00%        |        0.00%        |        0.00%        |      18.75%     |
|      6       |         9.38%          |          0.00%           |  8.65%   |     50.00%     |  18.75% | 2.50%  |  4.17%  | 0.00% |   9.38%    |   25.00%  |   0.00%   | 0.00% |         18.75%         |         18.75%         |      18.75%     |         4.69%         |       0.00%        |        0.00%        |        0.00%        |      25.00%     |
|      7       |         7.81%          |          0.00%           |  5.77%   |     33.33%     |  12.50% | 2.50%  |  4.17%  | 0.00% |   6.25%    |   25.00%  |   0.00%   | 0.00% |         12.50%         |         12.50%         |      6.25%      |         3.12%         |       0.00%        |        0.00%        |        0.00%        |      12.50%     |
|      8       |         7.81%          |          0.00%           |  5.77%   |     33.33%     |  12.50% | 2.50%  |  4.17%  | 0.00% |   9.38%    |   25.00%  |   0.00%   | 0.00% |         6.25%          |         12.50%         |      12.50%     |         3.12%         |       0.00%        |        0.00%        |        0.00%        |      18.75%     |
|      9       |         2.34%          |          0.00%           |  0.00%   |     0.00%      |  6.25%  | 0.00%  |  0.00%  | 0.00% |   6.25%    |   0.00%   |   0.00%   | 0.00% |         6.25%          |         0.00%          |      12.50%     |         0.00%         |       0.00%        |        0.00%        |        0.00%        |      12.50%     |
|      10      |         6.25%          |          0.00%           |  7.69%   |     33.33%     |  50.00% | 11.25% |  18.75% | 0.00% |   9.38%    |   25.00%  |   0.00%   | 0.00% |         43.75%         |         31.25%         |      31.25%     |         3.12%         |       0.00%        |        0.00%        |        0.00%        |      50.00%     |
|      11      |         7.81%          |          0.00%           |  11.54%  |     50.00%     |  18.75% | 11.25% |  18.75% | 0.00% |   6.25%    |   25.00%  |   0.00%   | 0.00% |         12.50%         |         18.75%         |      0.00%      |         1.56%         |       0.00%        |        0.00%        |        0.00%        |      18.75%     |
|      12      |         1.56%          |          0.00%           |  0.00%   |     0.00%      |  12.50% | 0.00%  |  0.00%  | 0.00% |   6.25%    |   0.00%   |   0.00%   | 0.00% |         12.50%         |         0.00%          |      12.50%     |         0.00%         |       0.00%        |        0.00%        |        0.00%        |      12.50%     |
|      13      |         1.56%          |          0.00%           |  0.00%   |     0.00%      |  12.50% | 0.00%  |  0.00%  | 0.00% |   6.25%    |   0.00%   |   0.00%   | 0.00% |         12.50%         |         0.00%          |      12.50%     |         0.00%         |       0.00%        |        0.00%        |        0.00%        |      18.75%     |
|      14      |         2.34%          |          0.00%           |  0.00%   |     0.00%      |  25.00% | 0.00%  |  0.00%  | 0.00% |   25.00%   |   0.00%   |   0.00%   | 0.00% |         25.00%         |         0.00%          |      93.75%     |         0.00%         |       0.00%        |        0.00%        |        0.00%        |     100.00%     |
|      15      |         0.00%          |          10.61%          |  0.00%   |     0.00%      |  0.00%  | 2.50%  |  0.00%  | 8.33% |   21.88%   |   0.00%   |   0.00%   | 0.00% |         0.00%          |         0.00%          |      43.75%     |         4.69%         |       0.00%        |        0.00%        |        0.00%        |      43.75%     |
|      16      |         0.00%          |          0.00%           |  0.00%   |     0.00%      |  0.00%  | 0.00%  |  0.00%  | 0.00% |   9.38%    |   0.00%   |   0.00%   | 0.00% |         0.00%          |         0.00%          |      25.00%     |         0.00%         |       0.00%        |        0.00%        |        0.00%        |      25.00%     |
|      17      |         0.00%          |          0.00%           |  0.00%   |     0.00%      |  0.00%  | 0.00%  |  0.00%  | 0.00% |   9.38%    |   0.00%   |   0.00%   | 0.00% |         0.00%          |         0.00%          |      25.00%     |         0.00%         |       0.00%        |        0.00%        |        0.00%        |      25.00%     |
|      18      |         0.00%          |          0.00%           |  0.00%   |     0.00%      |  0.00%  | 0.00%  |  0.00%  | 0.00% |   6.25%    |   0.00%   |   0.00%   | 0.00% |         0.00%          |         0.00%          |      12.50%     |         0.00%         |       0.00%        |        0.00%        |        0.00%        |      12.50%     |
|      19      |         0.00%          |          0.00%           |  0.00%   |     0.00%      |  0.00%  | 0.00%  |  0.00%  | 0.00% |   6.25%    |   0.00%   |   0.00%   | 0.00% |         0.00%          |         0.00%          |      12.50%     |         0.00%         |       0.00%        |        0.00%        |        0.00%        |      12.50%     |
|              |                        |                          |          |                |         |        |         |       |            |           |           |       |                        |                        |                 |                       |                    |                     |                     |                 |
|   Average    |         4.02%          |          0.53%           |  3.70%   |     16.67%     |  14.37% | 2.31%  |  3.12%  | 0.42% |   9.38%    |   10.00%  |   0.00%   | 0.00% |         11.88%         |         8.12%          |      19.69%     |         2.15%         |       0.00%        |        0.00%        |        0.00%        |      27.19%     |
------------------------------------------------------------------------------------------------------------------------------------------------------------------------------------------------------------------------------------------------------------------------------------------------------------------------------------------------------------------


Allocated Resource Usage
---------------------------------------------------------------------------------------------------------------------------------------------------------------
|                       Table                        | Stage  | Crossbar | Hash | Gateways | RAMs | TCAMs | Map  | Action |  VLIW |  Exm   |  Exm   |  Tind  |
|                        Name                        | Number |  Bytes   | Bits |          |      |       | RAMs |  Data  | Slots | Search | Result | Result |
|                                                    |        |          |      |          |      |       |      |  Bus   |       |  Bus   |  Bus   |  Bus   |
|                                                    |        |          |      |          |      |       |      | Bytes  |       |        |        |        |
---------------------------------------------------------------------------------------------------------------------------------------------------------------
|            IngressParser.$PORT_METADATA            |   -1   |    0     |  0   |    0     |  0   |   0   |  0   |   0    |   0   |   0    |   0    |   0    |
|           Ingress.ingress_port_to_nf_dev           |   0    |    2     |  40  |    0     |  4   |   0   |  0   |   6    |   3   |   1    |   1    |   0    |
|       Ingress.ingress_port_to_nf_dev$action        |   0    |    0     |  0   |    0     |  1   |   0   |  0   |   0    |   0   |   0    |   0    |   0    |
|                      cond-33                       |   0    |    2     |  0   |    1     |  0   |   0   |  0   |   0    |   0   |   1    |   0    |   0    |
|                      cond-34                       |   0    |    1     |  0   |    1     |  0   |   0   |  0   |   0    |   0   |   1    |   0    |   0    |
|                      cond-35                       |   0    |    1     |  0   |    1     |  0   |   0   |  0   |   0    |   0   |   1    |   0    |   0    |
|                      cond-36                       |   0    |    1     |  0   |    1     |  0   |   0   |  0   |   0    |   0   |   1    |   0    |   0    |
|                      cond-37                       |   0    |    1     |  0   |    1     |  0   |   0   |  0   |   0    |   0   |   1    |   0    |   0    |
|                      cond-38                       |   0    |    1     |  0   |    1     |  0   |   0   |  0   |   0    |   0   |   1    |   0    |   0    |
|        tbl_kvsf40000c0unifhdsprefcuckoo649         |   0    |    0     |  0   |    0     |  0   |   0   |  0   |   0    |   1   |   0    |   0    |   1    |
|        tbl_kvsf40000c0unifhdsprefcuckoo818         |   0    |    0     |  0   |    0     |  0   |   0   |  0   |   0    |   1   |   0    |   0    |   1    |
|                      cond-39                       |   1    |    2     |  0   |    1     |  0   |   0   |  0   |   0    |   0   |   1    |   0    |   0    |
|                      cond-40                       |   1    |    1     |  0   |    1     |  0   |   0   |  0   |   0    |   0   |   1    |   0    |   0    |
|                      cond-41                       |   1    |    1     |  0   |    1     |  0   |   0   |  0   |   0    |   0   |   1    |   0    |   0    |
|                tbl_build_cuckoo_hdr                |   1    |    0     |  0   |    0     |  0   |   0   |  0   |   0    |   1   |   0    |   0    |   1    |
|        tbl_kvsf40000c0unifhdsprefcuckoo689         |   1    |    0     |  0   |    0     |  0   |   0   |  0   |   0    |   1   |   0    |   0    |   1    |
|        tbl_kvsf40000c0unifhdsprefcuckoo691         |   1    |    0     |  0   |    0     |  0   |   0   |  0   |   0    |   1   |   0    |   0    |   1    |
|        tbl_kvsf40000c0unifhdsprefcuckoo796         |   1    |    0     |  0   |    0     |  0   |   0   |  0   |   0    |   1   |   0    |   0    |   1    |
|       tbl_kvsf40000c0unifhdsprefcuckoo796_0        |   1    |    0     |  0   |    0     |  0   |   0   |  0   |   0    |   1   |   0    |   0    |   1    |
|       tbl_cuckoo_hash_table_calc_cuckoo_hash       |   2    |    4     |  12  |    0     |  0   |   0   |  0   |   2    |   1   |   0    |   1    |   0    |
|   tbl_cuckoo_hash_table_calc_cuckoo_hash-gateway   |   2    |    0     |  0   |    1     |  0   |   0   |  0   |   0    |   0   |   1    |   0    |   0    |
|     tbl_cuckoo_hash_table_calc_cuckoo_hash_2_r     |   2    |    4     |  12  |    0     |  0   |   0   |  0   |   2    |   1   |   0    |   1    |   0    |
| tbl_cuckoo_hash_table_calc_cuckoo_hash_2_r-gateway |   2    |    0     |  0   |    1     |  0   |   0   |  0   |   0    |   0   |   1    |   0    |   0    |
|        tbl_kvsf40000c0unifhdsprefcuckoo387         |   2    |    0     |  0   |    0     |  0   |   0   |  0   |   0    |   1   |   0    |   0    |   1    |
|         Ingress.cuckoo_hash_table.reg_k_1          |   3    |    4     |  0   |    0     |  2   |   0   |  2   |   0    |   0   |   0    |   0    |   0    |
|                      cond-42                       |   3    |    1     |  0   |    1     |  0   |   0   |  0   |   0    |   0   |   1    |   0    |   1    |
|                      tbl_act                       |   3    |    2     |  12  |    0     |  0   |   0   |  0   |   4    |   1   |   0    |   1    |   0    |
|      tbl_cuckoo_hash_table_calc_cuckoo_hash_0      |   3    |    4     |  12  |    0     |  0   |   0   |  0   |   3    |   1   |   0    |   1    |   0    |
|  tbl_cuckoo_hash_table_calc_cuckoo_hash_0-gateway  |   3    |    0     |  0   |    1     |  0   |   0   |  0   |   0    |   0   |   1    |   0    |   0    |
|        tbl_kvsf40000c0unifhdsprefcuckoo413         |   3    |    0     |  0   |    0     |  0   |   0   |  0   |   4    |   1   |   0    |   1    |   0    |
|    tbl_kvsf40000c0unifhdsprefcuckoo413-gateway     |   3    |    0     |  0   |    1     |  0   |   0   |  0   |   0    |   0   |   1    |   0    |   0    |
|        tbl_kvsf40000c0unifhdsprefcuckoo492         |   3    |    8     |  32  |    0     |  0   |   0   |  0   |   4    |   1   |   0    |   1    |   0    |
|    tbl_kvsf40000c0unifhdsprefcuckoo492-gateway     |   3    |    0     |  0   |    1     |  0   |   0   |  0   |   0    |   0   |   1    |   0    |   0    |
|         Ingress.cuckoo_hash_table.reg_ts_1         |   4    |    4     |  0   |    0     |  2   |   0   |  2   |   0    |   0   |   0    |   0    |   0    |
|                      cond-43                       |   4    |    1     |  0   |    1     |  0   |   0   |  0   |   0    |   0   |   1    |   0    |   1    |
|                     tbl_act_0                      |   4    |    0     |  0   |    0     |  0   |   0   |  0   |   4    |   1   |   0    |   1    |   0    |
|        tbl_kvsf40000c0unifhdsprefcuckoo414         |   4    |    2     |  12  |    0     |  0   |   0   |  0   |   4    |   1   |   0    |   1    |   0    |
|    tbl_kvsf40000c0unifhdsprefcuckoo414-gateway     |   4    |    0     |  0   |    1     |  0   |   0   |  0   |   0    |   0   |   1    |   0    |   0    |
|         Ingress.cuckoo_hash_table.reg_v_1          |   5    |    5     |  0   |    0     |  2   |   0   |  2   |   0    |   0   |   0    |   0    |   0    |
|                      cond-44                       |   5    |    1     |  0   |    1     |  0   |   0   |  0   |   0    |   0   |   1    |   0    |   1    |
|           tbl_cuckoo_hash_table_ts_diff            |   5    |    0     |  0   |    0     |  0   |   0   |  0   |   0    |   1   |   0    |   0    |   1    |
|        tbl_kvsf40000c0unifhdsprefcuckoo398         |   5    |    2     |  12  |    0     |  0   |   0   |  0   |   4    |   1   |   0    |   1    |   0    |
|        tbl_kvsf40000c0unifhdsprefcuckoo415         |   5    |    0     |  0   |    0     |  0   |   0   |  0   |   4    |   1   |   0    |   1    |   0    |
|    tbl_kvsf40000c0unifhdsprefcuckoo415-gateway     |   5    |    0     |  0   |    1     |  0   |   0   |  0   |   0    |   0   |   1    |   0    |   0    |
|         Ingress.cuckoo_hash_table.reg_k_2          |   6    |    4     |  0   |    0     |  2   |   0   |  2   |   0    |   0   |   0    |   0    |   0    |
|                      cond-45                       |   6    |    1     |  0   |    1     |  0   |   0   |  0   |   0    |   0   |   1    |   0    |   1    |
|                      cond-48                       |   6    |    3     |  0   |    1     |  0   |   0   |  0   |   0    |   0   |   1    |   0    |   1    |
|                     tbl_act_1                      |   6    |    2     |  12  |    0     |  0   |   0   |  0   |   4    |   1   |   0    |   1    |   0    |
|        tbl_kvsf40000c0unifhdsprefcuckoo421         |   6    |    2     |  12  |    0     |  0   |   0   |  0   |   4    |   1   |   0    |   1    |   0    |
|    tbl_kvsf40000c0unifhdsprefcuckoo421-gateway     |   6    |    0     |  0   |    1     |  0   |   0   |  0   |   0    |   0   |   1    |   0    |   0    |
|        tbl_kvsf40000c0unifhdsprefcuckoo422         |   6    |    2     |  12  |    0     |  0   |   0   |  0   |   2    |   1   |   0    |   1    |   0    |
|        tbl_kvsf40000c0unifhdsprefcuckoo435         |   6    |    0     |  0   |    0     |  0   |   0   |  0   |   0    |   1   |   0    |   0    |   1    |
|         Ingress.cuckoo_hash_table.reg_ts_2         |   7    |    4     |  0   |    0     |  2   |   0   |  2   |   0    |   0   |   0    |   0    |   0    |
|                      cond-46                       |   7    |    1     |  0   |    1     |  0   |   0   |  0   |   0    |   0   |   1    |   0    |   1    |
|                     tbl_act_2                      |   7    |    2     |  12  |    0     |  0   |   0   |  0   |   4    |   1   |   0    |   1    |   0    |
|        tbl_kvsf40000c0unifhdsprefcuckoo422         |   7    |    2     |  12  |    0     |  0   |   0   |  0   |   4    |   1   |   0    |   1    |   0    |
|    tbl_kvsf40000c0unifhdsprefcuckoo422-gateway     |   7    |    1     |  0   |    1     |  0   |   0   |  0   |   0    |   0   |   1    |   0    |   0    |
|         Ingress.cuckoo_hash_table.reg_v_2          |   8    |    5     |  0   |    0     |  2   |   0   |  2   |   0    |   0   |   0    |   0    |   0    |
|                      cond-47                       |   8    |    1     |  0   |    1     |  0   |   0   |  0   |   0    |   0   |   1    |   0    |   1    |
|          tbl_cuckoo_hash_table_ts_diff_0           |   8    |    0     |  0   |    0     |  0   |   0   |  0   |   0    |   1   |   0    |   0    |   1    |
|        tbl_kvsf40000c0unifhdsprefcuckoo406         |   8    |    2     |  12  |    0     |  0   |   0   |  0   |   4    |   1   |   0    |   1    |   0    |
|        tbl_kvsf40000c0unifhdsprefcuckoo423         |   8    |    2     |  12  |    0     |  0   |   0   |  0   |   4    |   1   |   0    |   1    |   0    |
|    tbl_kvsf40000c0unifhdsprefcuckoo423-gateway     |   8    |    0     |  0   |    1     |  0   |   0   |  0   |   0    |   0   |   1    |   0    |   0    |
|                      cond-49                       |   9    |    3     |  0   |    1     |  0   |   0   |  0   |   0    |   0   |   1    |   0    |   0    |
|        tbl_kvsf40000c0unifhdsprefcuckoo429         |   9    |    0     |  0   |    0     |  0   |   0   |  0   |   0    |   1   |   0    |   0    |   1    |
|        tbl_kvsf40000c0unifhdsprefcuckoo431         |   9    |    0     |  0   |    0     |  0   |   0   |  0   |   0    |   1   |   0    |   0    |   1    |
|   Ingress.cuckoo_bloom_filter.swapped_transient    |   10   |    0     |  0   |    0     |  9   |   0   |  9   |   0    |   0   |   0    |   0    |   0    |
|                      cond-50                       |   10   |    1     |  0   |    1     |  0   |   0   |  0   |   0    |   0   |   1    |   0    |   0    |
|                      cond-51                       |   10   |    1     |  0   |    1     |  0   |   0   |  0   |   0    |   0   |   1    |   0    |   1    |
|                      cond-52                       |   10   |    1     |  0   |    1     |  0   |   0   |  0   |   0    |   0   |   1    |   0    |   1    |
|                      cond-54                       |   10   |    1     |  0   |    1     |  0   |   0   |  0   |   0    |   0   |   1    |   0    |   0    |
|                      cond-55                       |   10   |    1     |  0   |    1     |  0   |   0   |  0   |   0    |   0   |   1    |   0    |   1    |
|                      cond-57                       |   10   |    1     |  0   |    1     |  0   |   0   |  0   |   0    |   0   |   1    |   0    |   1    |
|                      cond-58                       |   10   |    1     |  0   |    1     |  0   |   0   |  0   |   0    |   0   |   1    |   0    |   0    |
|        tbl_kvsf40000c0unifhdsprefcuckoo497         |   10   |    0     |  0   |    0     |  0   |   0   |  0   |   4    |   1   |   0    |   1    |   0    |
|        tbl_kvsf40000c0unifhdsprefcuckoo500         |   10   |    2     |  16  |    0     |  0   |   0   |  0   |   4    |   1   |   0    |   1    |   0    |
|        tbl_kvsf40000c0unifhdsprefcuckoo508         |   10   |    0     |  0   |    0     |  0   |   0   |  0   |   4    |   1   |   0    |   1    |   0    |
|    tbl_kvsf40000c0unifhdsprefcuckoo508-gateway     |   10   |    0     |  0   |    1     |  0   |   0   |  0   |   0    |   0   |   1    |   0    |   0    |
|        tbl_kvsf40000c0unifhdsprefcuckoo511         |   10   |    2     |  16  |    0     |  0   |   0   |  0   |   4    |   1   |   0    |   1    |   0    |
|        tbl_kvsf40000c0unifhdsprefcuckoo519         |   10   |    0     |  0   |    0     |  0   |   0   |  0   |   4    |   1   |   0    |   1    |   0    |
|        tbl_kvsf40000c0unifhdsprefcuckoo521         |   10   |    0     |  0   |    0     |  0   |   0   |  0   |   0    |   1   |   0    |   0    |   1    |
|     Ingress.cuckoo_bloom_filter.swap_transient     |   11   |    2     |  0   |    0     |  9   |   0   |  9   |   0    |   0   |   0    |   0    |   0    |
|                     tbl_act_3                      |   11   |    2     |  16  |    0     |  0   |   0   |  0   |   2    |   1   |   0    |   1    |   0    |
|                 tbl_act_3-gateway                  |   11   |    0     |  0   |    1     |  0   |   0   |  0   |   0    |   0   |   1    |   0    |   0    |
|        tbl_kvsf40000c0unifhdsprefcuckoo512         |   11   |    2     |  16  |    0     |  0   |   0   |  0   |   2    |   1   |   0    |   1    |   0    |
|    tbl_kvsf40000c0unifhdsprefcuckoo512-gateway     |   11   |    0     |  0   |    1     |  0   |   0   |  0   |   0    |   0   |   1    |   0    |   0    |
|        tbl_kvsf40000c0unifhdsprefcuckoo523         |   11   |    4     |  16  |    0     |  0   |   0   |  0   |   2    |   1   |   0    |   1    |   0    |
|    tbl_kvsf40000c0unifhdsprefcuckoo523-gateway     |   11   |    0     |  0   |    1     |  0   |   0   |  0   |   0    |   0   |   1    |   0    |   0    |
|                      cond-53                       |   12   |    1     |  0   |    1     |  0   |   0   |  0   |   0    |   0   |   1    |   0    |   0    |
|                      cond-56                       |   12   |    1     |  0   |    1     |  0   |   0   |  0   |   0    |   0   |   1    |   0    |   0    |
|        tbl_kvsf40000c0unifhdsprefcuckoo503         |   12   |    0     |  0   |    0     |  0   |   0   |  0   |   0    |   1   |   0    |   0    |   1    |
|        tbl_kvsf40000c0unifhdsprefcuckoo514         |   12   |    0     |  0   |    0     |  0   |   0   |  0   |   0    |   1   |   0    |   0    |   1    |
|                      cond-59                       |   13   |    1     |  0   |    1     |  0   |   0   |  0   |   0    |   0   |   1    |   0    |   0    |
|                      cond-60                       |   13   |    1     |  0   |    1     |  0   |   0   |  0   |   0    |   0   |   1    |   0    |   0    |
|        tbl_kvsf40000c0unifhdsprefcuckoo529         |   13   |    0     |  0   |    0     |  0   |   0   |  0   |   0    |   1   |   0    |   0    |   1    |
|        tbl_kvsf40000c0unifhdsprefcuckoo531         |   13   |    0     |  0   |    0     |  0   |   0   |  0   |   0    |   1   |   0    |   0    |   1    |
|                      cond-61                       |   14   |    1     |  0   |    1     |  0   |   0   |  0   |   0    |   0   |   1    |   0    |   0    |
|                      cond-62                       |   14   |    1     |  0   |    1     |  0   |   0   |  0   |   0    |   0   |   1    |   0    |   0    |
|                      cond-63                       |   14   |    1     |  0   |    1     |  0   |   0   |  0   |   0    |   0   |   1    |   0    |   0    |
|                      cond-64                       |   14   |    1     |  0   |    1     |  0   |   0   |  0   |   0    |   0   |   1    |   0    |   0    |
|                tbl_build_recirc_hdr                |   14   |    0     |  0   |    0     |  0   |   0   |  0   |   0    |   1   |   0    |   0    |   1    |
|        tbl_kvsf40000c0unifhdsprefcuckoo712         |   14   |    0     |  0   |    0     |  0   |   0   |  0   |   0    |   1   |   0    |   0    |   1    |
|        tbl_kvsf40000c0unifhdsprefcuckoo733         |   14   |    0     |  0   |    0     |  0   |   0   |  0   |   0    |   1   |   0    |   0    |   1    |
|        tbl_kvsf40000c0unifhdsprefcuckoo739         |   14   |    0     |  0   |    0     |  0   |   0   |  0   |   0    |   1   |   0    |   0    |   1    |
|        tbl_kvsf40000c0unifhdsprefcuckoo740         |   14   |    0     |  0   |    0     |  0   |   0   |  0   |   0    |   1   |   0    |   0    |   1    |
|        tbl_kvsf40000c0unifhdsprefcuckoo755         |   14   |    0     |  0   |    0     |  0   |   0   |  0   |   0    |   1   |   0    |   0    |   1    |
|        tbl_kvsf40000c0unifhdsprefcuckoo777         |   14   |    0     |  0   |    0     |  0   |   0   |  0   |   0    |   1   |   0    |   0    |   1    |
|        tbl_kvsf40000c0unifhdsprefcuckoo783         |   14   |    0     |  0   |    0     |  0   |   0   |  0   |   0    |   1   |   0    |   0    |   1    |
|        tbl_kvsf40000c0unifhdsprefcuckoo784         |   14   |    0     |  0   |    0     |  0   |   0   |  0   |   0    |   1   |   0    |   0    |   1    |
|                      tbl_swap                      |   14   |    0     |  0   |    0     |  0   |   0   |  0   |   0    |   1   |   0    |   0    |   1    |
|                     tbl_swap_1                     |   14   |    0     |  0   |    0     |  0   |   0   |  0   |   0    |   1   |   0    |   0    |   1    |
|                    tbl_swap_11                     |   14   |    0     |  0   |    0     |  0   |   0   |  0   |   0    |   1   |   0    |   0    |   1    |
|                    tbl_swap_13                     |   14   |    0     |  0   |    0     |  0   |   0   |  0   |   0    |   1   |   0    |   0    |   1    |
|                    tbl_swap_17                     |   14   |    0     |  0   |    0     |  0   |   0   |  0   |   0    |   1   |   0    |   0    |   1    |
|                     tbl_swap_5                     |   14   |    0     |  0   |    0     |  0   |   0   |  0   |   0    |   1   |   0    |   0    |   1    |
|               Ingress.forwarding_tbl               |   15   |    7     |  0   |    0     |  1   |   2   |  0   |   6    |   4   |   0    |   0    |   1    |
|           Ingress.forwarding_tbl$action            |   15   |    0     |  0   |    0     |  1   |   0   |  0   |   0    |   0   |   0    |   0    |   0    |
|                     tbl_swap_0                     |   15   |    0     |  0   |    0     |  0   |   0   |  0   |   0    |   1   |   0    |   0    |   1    |
|                    tbl_swap_12                     |   15   |    0     |  0   |    0     |  0   |   0   |  0   |   0    |   1   |   0    |   0    |   1    |
|                    tbl_swap_14                     |   15   |    0     |  0   |    0     |  0   |   0   |  0   |   0    |   1   |   0    |   0    |   1    |
|                    tbl_swap_18                     |   15   |    0     |  0   |    0     |  0   |   0   |  0   |   0    |   1   |   0    |   0    |   1    |
|                     tbl_swap_2                     |   15   |    0     |  0   |    0     |  0   |   0   |  0   |   0    |   1   |   0    |   0    |   1    |
|                     tbl_swap_6                     |   15   |    0     |  0   |    0     |  0   |   0   |  0   |   0    |   1   |   0    |   0    |   1    |
|                    tbl_swap_15                     |   16   |    0     |  0   |    0     |  0   |   0   |  0   |   0    |   1   |   0    |   0    |   1    |
|                    tbl_swap_19                     |   16   |    0     |  0   |    0     |  0   |   0   |  0   |   0    |   1   |   0    |   0    |   1    |
|                     tbl_swap_3                     |   16   |    0     |  0   |    0     |  0   |   0   |  0   |   0    |   1   |   0    |   0    |   1    |
|                     tbl_swap_7                     |   16   |    0     |  0   |    0     |  0   |   0   |  0   |   0    |   1   |   0    |   0    |   1    |
|                    tbl_swap_16                     |   17   |    0     |  0   |    0     |  0   |   0   |  0   |   0    |   1   |   0    |   0    |   1    |
|                    tbl_swap_20                     |   17   |    0     |  0   |    0     |  0   |   0   |  0   |   0    |   1   |   0    |   0    |   1    |
|                     tbl_swap_4                     |   17   |    0     |  0   |    0     |  0   |   0   |  0   |   0    |   1   |   0    |   0    |   1    |
|                     tbl_swap_8                     |   17   |    0     |  0   |    0     |  0   |   0   |  0   |   0    |   1   |   0    |   0    |   1    |
|                    tbl_swap_21                     |   18   |    0     |  0   |    0     |  0   |   0   |  0   |   0    |   1   |   0    |   0    |   1    |
|                     tbl_swap_9                     |   18   |    0     |  0   |    0     |  0   |   0   |  0   |   0    |   1   |   0    |   0    |   1    |
|                    tbl_swap_10                     |   19   |    0     |  0   |    0     |  0   |   0   |  0   |   0    |   1   |   0    |   0    |   1    |
|                    tbl_swap_22                     |   19   |    0     |  0   |    0     |  0   |   0   |  0   |   0    |   1   |   0    |   0    |   1    |
---------------------------------------------------------------------------------------------------------------------------------------------------------------

