+---------------------------------------------------------------------+
|  Log file: mau.resources.log                                        |
|  Compiler version: 9.13.4                                           |
|  Created on: Tue Sep 16 20:13:05 2025                               |
|  Run ID: 16c889c1fa384421                                           |
+---------------------------------------------------------------------+


---------------------------------------------------------------------------------------------------------------------------------------------------------------------------------------------------------------------------------------------------------------------------------------------------------------------------------------------------------------
| Stage Number | Exact Match Input xbar | Ternary Match Input xbar | Hash Bit | Hash Dist Unit | Gateway | SRAM | Map RAM | TCAM | VLIW Instr | Meter ALU | Stats ALU | Stash | Exact Match Search Bus | Exact Match Result Bus | Tind Result Bus | Action Data Bus Bytes | 8-bit Action Slots | 16-bit Action Slots | 32-bit Action Slots | Logical TableID |
---------------------------------------------------------------------------------------------------------------------------------------------------------------------------------------------------------------------------------------------------------------------------------------------------------------------------------------------------------------
|      0       |           2            |            0             |    40    |       0        |    0    |  5   |    0    |  0   |     2      |     0     |     0     |   0   |           1            |           1            |        1        |           7           |         0          |          0          |          0          |        2        |
|      1       |           11           |            0             |    41    |       0        |    8    |  7   |    5    |  0   |     6      |     0     |     0     |   0   |           8            |           1            |        10       |           5           |         0          |          0          |          0          |        15       |
|      2       |           14           |            0             |    46    |       2        |    6    |  8   |    8    |  0   |     8      |     3     |     0     |   0   |           5            |           3            |        14       |           5           |         0          |          0          |          0          |        16       |
|      3       |           5            |            0             |    10    |       1        |    1    |  0   |    0    |  0   |     5      |     0     |     0     |   0   |           1            |           1            |        9        |           3           |         0          |          0          |          0          |        9        |
|      4       |           6            |            7             |    20    |       2        |    2    |  4   |    2    |  2   |     7      |     1     |     0     |   0   |           1            |           2            |        5        |           12          |         0          |          0          |          0          |        7        |
|      5       |           6            |            0             |    20    |       2        |    2    |  2   |    2    |  0   |     3      |     1     |     0     |   0   |           1            |           2            |        3        |           7           |         0          |          0          |          0          |        5        |
|      6       |           6            |            0             |    20    |       2        |    2    |  2   |    2    |  0   |     4      |     1     |     0     |   0   |           1            |           2            |        3        |           7           |         0          |          0          |          0          |        5        |
|      7       |           2            |            0             |    10    |       1        |    1    |  2   |    2    |  0   |     2      |     1     |     0     |   0   |           1            |           1            |        2        |           4           |         0          |          0          |          0          |        3        |
|      8       |           0            |            0             |    0     |       0        |    0    |  0   |    0    |  0   |     1      |     0     |     0     |   0   |           0            |           0            |        1        |           0           |         0          |          0          |          0          |        1        |
|      9       |           1            |            0             |    0     |       0        |    1    |  0   |    0    |  0   |     2      |     0     |     0     |   0   |           1            |           0            |        2        |           0           |         0          |          0          |          0          |        2        |
|      10      |           5            |            0             |    32    |       0        |    0    |  2   |    2    |  0   |     1      |     1     |     0     |   0   |           0            |           0            |        1        |           0           |         0          |          0          |          0          |        1        |
|      11      |           0            |            0             |    0     |       0        |    0    |  0   |    0    |  0   |     0      |     0     |     0     |   0   |           0            |           0            |        0        |           0           |         0          |          0          |          0          |        0        |
|      12      |           0            |            0             |    0     |       0        |    0    |  0   |    0    |  0   |     0      |     0     |     0     |   0   |           0            |           0            |        0        |           0           |         0          |          0          |          0          |        0        |
|      13      |           0            |            0             |    0     |       0        |    0    |  0   |    0    |  0   |     0      |     0     |     0     |   0   |           0            |           0            |        0        |           0           |         0          |          0          |          0          |        0        |
|      14      |           0            |            0             |    0     |       0        |    0    |  0   |    0    |  0   |     0      |     0     |     0     |   0   |           0            |           0            |        0        |           0           |         0          |          0          |          0          |        0        |
|      15      |           0            |            0             |    0     |       0        |    0    |  0   |    0    |  0   |     0      |     0     |     0     |   0   |           0            |           0            |        0        |           0           |         0          |          0          |          0          |        0        |
|      16      |           0            |            0             |    0     |       0        |    0    |  0   |    0    |  0   |     0      |     0     |     0     |   0   |           0            |           0            |        0        |           0           |         0          |          0          |          0          |        0        |
|      17      |           0            |            0             |    0     |       0        |    0    |  0   |    0    |  0   |     0      |     0     |     0     |   0   |           0            |           0            |        0        |           0           |         0          |          0          |          0          |        0        |
|      18      |           0            |            0             |    0     |       0        |    0    |  0   |    0    |  0   |     0      |     0     |     0     |   0   |           0            |           0            |        0        |           0           |         0          |          0          |          0          |        0        |
|      19      |           0            |            0             |    0     |       0        |    0    |  0   |    0    |  0   |     0      |     0     |     0     |   0   |           0            |           0            |        0        |           0           |         0          |          0          |          0          |        0        |
|              |                        |                          |          |                |         |      |         |      |            |           |           |       |                        |                        |                 |                       |                    |                     |                     |                 |
|    Totals    |           58           |            7             |   239    |       10       |    23   |  32  |    23   |  2   |     41     |     8     |     0     |   0   |           20           |           13           |        51       |           50          |         0          |          0          |          0          |        66       |
---------------------------------------------------------------------------------------------------------------------------------------------------------------------------------------------------------------------------------------------------------------------------------------------------------------------------------------------------------------


------------------------------------------------------------------------------------------------------------------------------------------------------------------------------------------------------------------------------------------------------------------------------------------------------------------------------------------------------------------
| Stage Number | Exact Match Input xbar | Ternary Match Input xbar | Hash Bit | Hash Dist Unit | Gateway |  SRAM  | Map RAM |  TCAM | VLIW Instr | Meter ALU | Stats ALU | Stash | Exact Match Search Bus | Exact Match Result Bus | Tind Result Bus | Action Data Bus Bytes | 8-bit Action Slots | 16-bit Action Slots | 32-bit Action Slots | Logical TableID |
------------------------------------------------------------------------------------------------------------------------------------------------------------------------------------------------------------------------------------------------------------------------------------------------------------------------------------------------------------------
|      0       |         1.56%          |          0.00%           |  9.62%   |     0.00%      |  0.00%  | 6.25%  |  0.00%  | 0.00% |   6.25%    |   0.00%   |   0.00%   | 0.00% |         6.25%          |         6.25%          |      6.25%      |         5.47%         |       0.00%        |        0.00%        |        0.00%        |      12.50%     |
|      1       |         8.59%          |          0.00%           |  9.86%   |     0.00%      |  50.00% | 8.75%  |  10.42% | 0.00% |   18.75%   |   0.00%   |   0.00%   | 0.00% |         50.00%         |         6.25%          |      62.50%     |         3.91%         |       0.00%        |        0.00%        |        0.00%        |      93.75%     |
|      2       |         10.94%         |          0.00%           |  11.06%  |     33.33%     |  37.50% | 10.00% |  16.67% | 0.00% |   25.00%   |   75.00%  |   0.00%   | 0.00% |         31.25%         |         18.75%         |      87.50%     |         3.91%         |       0.00%        |        0.00%        |        0.00%        |     100.00%     |
|      3       |         3.91%          |          0.00%           |  2.40%   |     16.67%     |  6.25%  | 0.00%  |  0.00%  | 0.00% |   15.62%   |   0.00%   |   0.00%   | 0.00% |         6.25%          |         6.25%          |      56.25%     |         2.34%         |       0.00%        |        0.00%        |        0.00%        |      56.25%     |
|      4       |         4.69%          |          10.61%          |  4.81%   |     33.33%     |  12.50% | 5.00%  |  4.17%  | 8.33% |   21.88%   |   25.00%  |   0.00%   | 0.00% |         6.25%          |         12.50%         |      31.25%     |         9.38%         |       0.00%        |        0.00%        |        0.00%        |      43.75%     |
|      5       |         4.69%          |          0.00%           |  4.81%   |     33.33%     |  12.50% | 2.50%  |  4.17%  | 0.00% |   9.38%    |   25.00%  |   0.00%   | 0.00% |         6.25%          |         12.50%         |      18.75%     |         5.47%         |       0.00%        |        0.00%        |        0.00%        |      31.25%     |
|      6       |         4.69%          |          0.00%           |  4.81%   |     33.33%     |  12.50% | 2.50%  |  4.17%  | 0.00% |   12.50%   |   25.00%  |   0.00%   | 0.00% |         6.25%          |         12.50%         |      18.75%     |         5.47%         |       0.00%        |        0.00%        |        0.00%        |      31.25%     |
|      7       |         1.56%          |          0.00%           |  2.40%   |     16.67%     |  6.25%  | 2.50%  |  4.17%  | 0.00% |   6.25%    |   25.00%  |   0.00%   | 0.00% |         6.25%          |         6.25%          |      12.50%     |         3.12%         |       0.00%        |        0.00%        |        0.00%        |      18.75%     |
|      8       |         0.00%          |          0.00%           |  0.00%   |     0.00%      |  0.00%  | 0.00%  |  0.00%  | 0.00% |   3.12%    |   0.00%   |   0.00%   | 0.00% |         0.00%          |         0.00%          |      6.25%      |         0.00%         |       0.00%        |        0.00%        |        0.00%        |      6.25%      |
|      9       |         0.78%          |          0.00%           |  0.00%   |     0.00%      |  6.25%  | 0.00%  |  0.00%  | 0.00% |   6.25%    |   0.00%   |   0.00%   | 0.00% |         6.25%          |         0.00%          |      12.50%     |         0.00%         |       0.00%        |        0.00%        |        0.00%        |      12.50%     |
|      10      |         3.91%          |          0.00%           |  7.69%   |     0.00%      |  0.00%  | 2.50%  |  4.17%  | 0.00% |   3.12%    |   25.00%  |   0.00%   | 0.00% |         0.00%          |         0.00%          |      6.25%      |         0.00%         |       0.00%        |        0.00%        |        0.00%        |      6.25%      |
|      11      |         0.00%          |          0.00%           |  0.00%   |     0.00%      |  0.00%  | 0.00%  |  0.00%  | 0.00% |   0.00%    |   0.00%   |   0.00%   | 0.00% |         0.00%          |         0.00%          |      0.00%      |         0.00%         |       0.00%        |        0.00%        |        0.00%        |      0.00%      |
|      12      |         0.00%          |          0.00%           |  0.00%   |     0.00%      |  0.00%  | 0.00%  |  0.00%  | 0.00% |   0.00%    |   0.00%   |   0.00%   | 0.00% |         0.00%          |         0.00%          |      0.00%      |         0.00%         |       0.00%        |        0.00%        |        0.00%        |      0.00%      |
|      13      |         0.00%          |          0.00%           |  0.00%   |     0.00%      |  0.00%  | 0.00%  |  0.00%  | 0.00% |   0.00%    |   0.00%   |   0.00%   | 0.00% |         0.00%          |         0.00%          |      0.00%      |         0.00%         |       0.00%        |        0.00%        |        0.00%        |      0.00%      |
|      14      |         0.00%          |          0.00%           |  0.00%   |     0.00%      |  0.00%  | 0.00%  |  0.00%  | 0.00% |   0.00%    |   0.00%   |   0.00%   | 0.00% |         0.00%          |         0.00%          |      0.00%      |         0.00%         |       0.00%        |        0.00%        |        0.00%        |      0.00%      |
|      15      |         0.00%          |          0.00%           |  0.00%   |     0.00%      |  0.00%  | 0.00%  |  0.00%  | 0.00% |   0.00%    |   0.00%   |   0.00%   | 0.00% |         0.00%          |         0.00%          |      0.00%      |         0.00%         |       0.00%        |        0.00%        |        0.00%        |      0.00%      |
|      16      |         0.00%          |          0.00%           |  0.00%   |     0.00%      |  0.00%  | 0.00%  |  0.00%  | 0.00% |   0.00%    |   0.00%   |   0.00%   | 0.00% |         0.00%          |         0.00%          |      0.00%      |         0.00%         |       0.00%        |        0.00%        |        0.00%        |      0.00%      |
|      17      |         0.00%          |          0.00%           |  0.00%   |     0.00%      |  0.00%  | 0.00%  |  0.00%  | 0.00% |   0.00%    |   0.00%   |   0.00%   | 0.00% |         0.00%          |         0.00%          |      0.00%      |         0.00%         |       0.00%        |        0.00%        |        0.00%        |      0.00%      |
|      18      |         0.00%          |          0.00%           |  0.00%   |     0.00%      |  0.00%  | 0.00%  |  0.00%  | 0.00% |   0.00%    |   0.00%   |   0.00%   | 0.00% |         0.00%          |         0.00%          |      0.00%      |         0.00%         |       0.00%        |        0.00%        |        0.00%        |      0.00%      |
|      19      |         0.00%          |          0.00%           |  0.00%   |     0.00%      |  0.00%  | 0.00%  |  0.00%  | 0.00% |   0.00%    |   0.00%   |   0.00%   | 0.00% |         0.00%          |         0.00%          |      0.00%      |         0.00%         |       0.00%        |        0.00%        |        0.00%        |      0.00%      |
|              |                        |                          |          |                |         |        |         |       |            |           |           |       |                        |                        |                 |                       |                    |                     |                     |                 |
|   Average    |         4.12%          |          0.96%           |  5.22%   |     15.15%     |  13.07% | 3.64%  |  4.36%  | 0.76% |   11.65%   |   18.18%  |   0.00%   | 0.00% |         11.36%         |         7.39%          |      28.98%     |         3.55%         |       0.00%        |        0.00%        |        0.00%        |      37.50%     |
------------------------------------------------------------------------------------------------------------------------------------------------------------------------------------------------------------------------------------------------------------------------------------------------------------------------------------------------------------------


Allocated Resource Usage
-------------------------------------------------------------------------------------------------------------------------------------------------------------------------------
|                               Table                                | Stage  | Crossbar | Hash | Gateways | RAMs | TCAMs | Map  | Action |  VLIW |  Exm   |  Exm   |  Tind  |
|                                Name                                | Number |  Bytes   | Bits |          |      |       | RAMs |  Data  | Slots | Search | Result | Result |
|                                                                    |        |          |      |          |      |       |      |  Bus   |       |  Bus   |  Bus   |  Bus   |
|                                                                    |        |          |      |          |      |       |      | Bytes  |       |        |        |        |
-------------------------------------------------------------------------------------------------------------------------------------------------------------------------------
|                    IngressParser.$PORT_METADATA                    |   -1   |    0     |  0   |    0     |  0   |   0   |  0   |   0    |   0   |   0    |   0    |   0    |
|                   Ingress.ingress_port_to_nf_dev                   |   0    |    2     |  40  |    0     |  4   |   0   |  0   |   7    |   3   |   1    |   1    |   0    |
|               Ingress.ingress_port_to_nf_dev$action                |   0    |    0     |  0   |    0     |  1   |   0   |  0   |   0    |   0   |   0    |   0    |   0    |
|             tbl_kvsf40000c100000zipf1hdsprefhhtable710             |   0    |    0     |  0   |    0     |  0   |   0   |  0   |   0    |   1   |   0    |   0    |   1    |
|                Ingress.hh_table_1073923800_table_13                |   1    |    4     |  41  |    0     |  5   |   0   |  5   |   5    |   2   |   1    |   1    |   0    |
|            Ingress.hh_table_1073923800_table_13$action             |   1    |    0     |  0   |    0     |  2   |   0   |  0   |   0    |   0   |   0    |   0    |   0    |
|                              cond-15                               |   1    |    2     |  0   |    1     |  0   |   0   |  0   |   0    |   0   |   1    |   0    |   0    |
|                              cond-16                               |   1    |    1     |  0   |    1     |  0   |   0   |  0   |   0    |   0   |   1    |   0    |   0    |
|                              cond-17                               |   1    |    2     |  0   |    1     |  0   |   0   |  0   |   0    |   0   |   1    |   0    |   0    |
|                              cond-18                               |   1    |    1     |  0   |    1     |  0   |   0   |  0   |   0    |   0   |   1    |   0    |   0    |
|                              cond-19                               |   1    |    1     |  0   |    1     |  0   |   0   |  0   |   0    |   0   |   1    |   0    |   0    |
|                              cond-20                               |   1    |    1     |  0   |    1     |  0   |   0   |  0   |   0    |   0   |   1    |   0    |   0    |
|                              cond-21                               |   1    |    1     |  0   |    1     |  0   |   0   |  0   |   0    |   0   |   1    |   0    |   0    |
|                              cond-22                               |   1    |    2     |  0   |    1     |  0   |   0   |  0   |   0    |   0   |   1    |   0    |   1    |
|                              tbl_act                               |   1    |    0     |  0   |    0     |  0   |   0   |  0   |   0    |   1   |   0    |   0    |   1    |
|             tbl_kvsf40000c100000zipf1hdsprefhhtable507             |   1    |    0     |  0   |    0     |  0   |   0   |  0   |   0    |   1   |   0    |   0    |   1    |
|             tbl_kvsf40000c100000zipf1hdsprefhhtable536             |   1    |    0     |  0   |    0     |  0   |   0   |  0   |   0    |   1   |   0    |   0    |   1    |
|             tbl_kvsf40000c100000zipf1hdsprefhhtable573             |   1    |    0     |  0   |    0     |  0   |   0   |  0   |   0    |   1   |   0    |   0    |   1    |
|             tbl_kvsf40000c100000zipf1hdsprefhhtable688             |   1    |    0     |  0   |    0     |  0   |   0   |  0   |   0    |   1   |   0    |   0    |   1    |
|            tbl_kvsf40000c100000zipf1hdsprefhhtable688_0            |   1    |    0     |  0   |    0     |  0   |   0   |  0   |   0    |   1   |   0    |   0    |   1    |
|                              tbl_swap                              |   1    |    0     |  0   |    0     |  0   |   0   |  0   |   0    |   1   |   0    |   0    |   1    |
|                             tbl_swap_1                             |   1    |    0     |  0   |    0     |  0   |   0   |  0   |   0    |   1   |   0    |   0    |   1    |
|                             tbl_swap_5                             |   1    |    0     |  0   |    0     |  0   |   0   |  0   |   0    |   1   |   0    |   0    |   1    |
|            Ingress.hh_table_1073923800_cached_counters             |   2    |    0     |  0   |    0     |  3   |   0   |  3   |   0    |   0   |   0    |   0    |   0    |
|             Ingress.hh_table_1073923800_packet_sampler             |   2    |    0     |  0   |    0     |  2   |   0   |  2   |   0    |   0   |   0    |   0    |   0    |
|                Ingress.vector_register_1073954840_0                |   2    |    4     |  0   |    0     |  3   |   0   |  3   |   0    |   0   |   0    |   0    |   0    |
|                              cond-23                               |   2    |    1     |  0   |    1     |  0   |   0   |  0   |   0    |   0   |   1    |   0    |   0    |
|                              cond-26                               |   2    |    1     |  0   |    1     |  0   |   0   |  0   |   0    |   0   |   1    |   0    |   1    |
|                              cond-27                               |   2    |    1     |  0   |    1     |  0   |   0   |  0   |   0    |   0   |   1    |   0    |   0    |
|                              cond-28                               |   2    |    1     |  0   |    1     |  0   |   0   |  0   |   0    |   0   |   1    |   0    |   0    |
|                        tbl_build_recirc_hdr                        |   2    |    0     |  0   |    0     |  0   |   0   |  0   |   0    |   1   |   0    |   0    |   1    |
|             tbl_kvsf40000c100000zipf1hdsprefhhtable512             |   2    |    4     |  23  |    0     |  0   |   0   |  0   |   4    |   1   |   0    |   1    |   0    |
|         tbl_kvsf40000c100000zipf1hdsprefhhtable512-gateway         |   2    |    0     |  0   |    1     |  0   |   0   |  0   |   0    |   0   |   1    |   0    |   0    |
|             tbl_kvsf40000c100000zipf1hdsprefhhtable576             |   2    |    0     |  0   |    0     |  0   |   0   |  0   |   0    |   1   |   0    |   1    |   0    |
|         tbl_kvsf40000c100000zipf1hdsprefhhtable576-gateway         |   2    |    0     |  0   |    1     |  0   |   0   |  0   |   0    |   0   |   1    |   0    |   0    |
|             tbl_kvsf40000c100000zipf1hdsprefhhtable578             |   2    |    0     |  0   |    0     |  0   |   0   |  0   |   1    |   1   |   0    |   0    |   1    |
|             tbl_kvsf40000c100000zipf1hdsprefhhtable613             |   2    |    0     |  0   |    0     |  0   |   0   |  0   |   0    |   1   |   0    |   0    |   1    |
|             tbl_kvsf40000c100000zipf1hdsprefhhtable614             |   2    |    0     |  0   |    0     |  0   |   0   |  0   |   0    |   1   |   0    |   0    |   1    |
|             tbl_kvsf40000c100000zipf1hdsprefhhtable623             |   2    |    0     |  0   |    0     |  0   |   0   |  0   |   0    |   1   |   0    |   0    |   1    |
|             tbl_kvsf40000c100000zipf1hdsprefhhtable624             |   2    |    0     |  0   |    0     |  0   |   0   |  0   |   0    |   1   |   0    |   0    |   1    |
|             tbl_kvsf40000c100000zipf1hdsprefhhtable634             |   2    |    4     |  23  |    0     |  0   |   0   |  0   |   4    |   1   |   0    |   1    |   0    |
|             tbl_kvsf40000c100000zipf1hdsprefhhtable680             |   2    |    0     |  0   |    0     |  0   |   0   |  0   |   0    |   1   |   0    |   0    |   1    |
|                             tbl_swap_0                             |   2    |    0     |  0   |    0     |  0   |   0   |  0   |   0    |   1   |   0    |   0    |   1    |
|                            tbl_swap_11                             |   2    |    0     |  0   |    0     |  0   |   0   |  0   |   0    |   1   |   0    |   0    |   1    |
|                            tbl_swap_13                             |   2    |    0     |  0   |    0     |  0   |   0   |  0   |   0    |   1   |   0    |   0    |   1    |
|                            tbl_swap_17                             |   2    |    0     |  0   |    0     |  0   |   0   |  0   |   0    |   1   |   0    |   0    |   1    |
|                             tbl_swap_2                             |   2    |    0     |  0   |    0     |  0   |   0   |  0   |   0    |   1   |   0    |   0    |   1    |
|                             tbl_swap_6                             |   2    |    0     |  0   |    0     |  0   |   0   |  0   |   0    |   1   |   0    |   0    |   1    |
|                              cond-24                               |   3    |    1     |  0   |    1     |  0   |   0   |  0   |   0    |   0   |   1    |   0    |   1    |
|              tbl_hh_table_1073923800_hash_calc_1_calc              |   3    |    4     |  10  |    0     |  0   |   0   |  0   |   3    |   1   |   0    |   1    |   0    |
|             tbl_kvsf40000c100000zipf1hdsprefhhtable644             |   3    |    0     |  0   |    0     |  0   |   0   |  0   |   0    |   1   |   0    |   0    |   1    |
|             tbl_kvsf40000c100000zipf1hdsprefhhtable646             |   3    |    0     |  0   |    0     |  0   |   0   |  0   |   0    |   1   |   0    |   0    |   1    |
|             tbl_kvsf40000c100000zipf1hdsprefhhtable658             |   3    |    0     |  0   |    0     |  0   |   0   |  0   |   0    |   1   |   0    |   0    |   1    |
|                            tbl_swap_12                             |   3    |    0     |  0   |    0     |  0   |   0   |  0   |   0    |   1   |   0    |   0    |   1    |
|                            tbl_swap_14                             |   3    |    0     |  0   |    0     |  0   |   0   |  0   |   0    |   1   |   0    |   0    |   1    |
|                            tbl_swap_18                             |   3    |    0     |  0   |    0     |  0   |   0   |  0   |   0    |   1   |   0    |   0    |   1    |
|                             tbl_swap_3                             |   3    |    0     |  0   |    0     |  0   |   0   |  0   |   0    |   1   |   0    |   0    |   1    |
|                             tbl_swap_7                             |   3    |    0     |  0   |    0     |  0   |   0   |  0   |   0    |   1   |   0    |   0    |   1    |
|                       Ingress.forwarding_tbl                       |   4    |    7     |  0   |    0     |  1   |   2   |  0   |   6    |   4   |   0    |   0    |   1    |
|                   Ingress.forwarding_tbl$action                    |   4    |    0     |  0   |    0     |  1   |   0   |  0   |   0    |   0   |   0    |   0    |   0    |
|               Ingress.hh_table_1073923800_cms_row_1                |   4    |    0     |  0   |    0     |  2   |   0   |  2   |   0    |   0   |   0    |   0    |   0    |
|     tbl_hh_table_1073923800_cms_row_1_inc_and_read_393_execute     |   4    |    2     |  10  |    0     |  0   |   0   |  0   |   4    |   1   |   0    |   1    |   0    |
| tbl_hh_table_1073923800_cms_row_1_inc_and_read_393_execute-gateway |   4    |    0     |  0   |    1     |  0   |   0   |  0   |   0    |   0   |   1    |   0    |   0    |
|              tbl_hh_table_1073923800_hash_calc_0_calc              |   4    |    4     |  10  |    0     |  0   |   0   |  0   |   2    |   1   |   0    |   1    |   0    |
|          tbl_hh_table_1073923800_hash_calc_0_calc-gateway          |   4    |    0     |  0   |    1     |  0   |   0   |  0   |   0    |   0   |   1    |   0    |   0    |
|                            tbl_swap_15                             |   4    |    0     |  0   |    0     |  0   |   0   |  0   |   0    |   1   |   0    |   0    |   1    |
|                            tbl_swap_19                             |   4    |    0     |  0   |    0     |  0   |   0   |  0   |   0    |   1   |   0    |   0    |   1    |
|                             tbl_swap_4                             |   4    |    0     |  0   |    0     |  0   |   0   |  0   |   0    |   1   |   0    |   0    |   1    |
|                             tbl_swap_8                             |   4    |    0     |  0   |    0     |  0   |   0   |  0   |   0    |   1   |   0    |   0    |   1    |
|               Ingress.hh_table_1073923800_cms_row_0                |   5    |    0     |  0   |    0     |  2   |   0   |  2   |   0    |   0   |   0    |   0    |   0    |
|     tbl_hh_table_1073923800_cms_row_0_inc_and_read_393_execute     |   5    |    2     |  10  |    0     |  0   |   0   |  0   |   4    |   1   |   0    |   1    |   0    |
| tbl_hh_table_1073923800_cms_row_0_inc_and_read_393_execute-gateway |   5    |    0     |  0   |    1     |  0   |   0   |  0   |   0    |   0   |   1    |   0    |   0    |
|              tbl_hh_table_1073923800_hash_calc_2_calc              |   5    |    4     |  10  |    0     |  0   |   0   |  0   |   3    |   1   |   0    |   1    |   0    |
|          tbl_hh_table_1073923800_hash_calc_2_calc-gateway          |   5    |    0     |  0   |    1     |  0   |   0   |  0   |   0    |   0   |   1    |   0    |   0    |
|                            tbl_swap_16                             |   5    |    0     |  0   |    0     |  0   |   0   |  0   |   0    |   1   |   0    |   0    |   1    |
|                            tbl_swap_20                             |   5    |    0     |  0   |    0     |  0   |   0   |  0   |   0    |   1   |   0    |   0    |   1    |
|                             tbl_swap_9                             |   5    |    0     |  0   |    0     |  0   |   0   |  0   |   0    |   1   |   0    |   0    |   1    |
|               Ingress.hh_table_1073923800_cms_row_2                |   6    |    0     |  0   |    0     |  2   |   0   |  2   |   0    |   0   |   0    |   0    |   0    |
|     tbl_hh_table_1073923800_cms_row_2_inc_and_read_393_execute     |   6    |    2     |  10  |    0     |  0   |   0   |  0   |   4    |   1   |   0    |   1    |   0    |
| tbl_hh_table_1073923800_cms_row_2_inc_and_read_393_execute-gateway |   6    |    0     |  0   |    1     |  0   |   0   |  0   |   0    |   0   |   1    |   0    |   0    |
|              tbl_hh_table_1073923800_hash_calc_3_calc              |   6    |    4     |  10  |    0     |  0   |   0   |  0   |   3    |   1   |   0    |   1    |   0    |
|          tbl_hh_table_1073923800_hash_calc_3_calc-gateway          |   6    |    0     |  0   |    1     |  0   |   0   |  0   |   0    |   0   |   1    |   0    |   0    |
|             tbl_kvsf40000c100000zipf1hdsprefhhtable589             |   6    |    0     |  0   |    0     |  0   |   0   |  0   |   0    |   1   |   0    |   0    |   1    |
|                            tbl_swap_10                             |   6    |    0     |  0   |    0     |  0   |   0   |  0   |   0    |   1   |   0    |   0    |   1    |
|                            tbl_swap_21                             |   6    |    0     |  0   |    0     |  0   |   0   |  0   |   0    |   1   |   0    |   0    |   1    |
|               Ingress.hh_table_1073923800_cms_row_3                |   7    |    0     |  0   |    0     |  2   |   0   |  2   |   0    |   0   |   0    |   0    |   0    |
|     tbl_hh_table_1073923800_cms_row_3_inc_and_read_393_execute     |   7    |    2     |  10  |    0     |  0   |   0   |  0   |   4    |   1   |   0    |   1    |   0    |
| tbl_hh_table_1073923800_cms_row_3_inc_and_read_393_execute-gateway |   7    |    0     |  0   |    1     |  0   |   0   |  0   |   0    |   0   |   1    |   0    |   0    |
|             tbl_kvsf40000c100000zipf1hdsprefhhtable590             |   7    |    0     |  0   |    0     |  0   |   0   |  0   |   0    |   1   |   0    |   0    |   1    |
|                            tbl_swap_22                             |   7    |    0     |  0   |    0     |  0   |   0   |  0   |   0    |   1   |   0    |   0    |   1    |
|             tbl_kvsf40000c100000zipf1hdsprefhhtable591             |   8    |    0     |  0   |    0     |  0   |   0   |  0   |   0    |   1   |   0    |   0    |   1    |
|                              cond-25                               |   9    |    1     |  0   |    1     |  0   |   0   |  0   |   0    |   0   |   1    |   0    |   0    |
|             tbl_kvsf40000c100000zipf1hdsprefhhtable592             |   9    |    0     |  0   |    0     |  0   |   0   |  0   |   0    |   1   |   0    |   0    |   1    |
|             tbl_kvsf40000c100000zipf1hdsprefhhtable595             |   9    |    0     |  0   |    0     |  0   |   0   |  0   |   0    |   1   |   0    |   0    |   1    |
|               Ingress.hh_table_1073923800_threshold                |   10   |    5     |  32  |    0     |  2   |   0   |  2   |   0    |   0   |   0    |   0    |   0    |
|             tbl_kvsf40000c100000zipf1hdsprefhhtable593             |   10   |    0     |  0   |    0     |  0   |   0   |  0   |   0    |   1   |   0    |   0    |   1    |
-------------------------------------------------------------------------------------------------------------------------------------------------------------------------------

